3,90.0,5,45.0,3,
4,-72.0,2,-63.0,1,90.0,3,-76.0,2,
5,-72.0,2,-63.0,1,90.0,3,-76.0,2,
6,-63.0,2,90.0,6,
7,90.0,8,
8,-72.0,2,90.0,6,
9,72.0,2,90.0,4,76.0,2,
10,90.0,8,
11,90.0,4,76.0,2,63.0,2,
12,72.0,2,90.0,3,76.0,2,63.0,1,
13,72.0,2,90.0,5,63.0,1,
14,72.0,2,45.0,1,63.0,1,
15,72.0,2,45.0,1,
2100,45.0,2,
2101,34.0,2,45.0,4,
2102,53.0,3,
2103,45.0,3,
2104,63.0,2,
2105,90.0,2,
2106,45.0,2,
2107,90.0,4,
2108,90.0,4,
2109,90.0,4,
2110,90.0,3,
2111,90.0,2,
2113,90.0,4,
2114,-72.0,3,90.0,1,
2115,90.0,3,45.0,1,
2116,45.0,4,
2117,45.0,2,
2119,45.0,2,
101,45.0,6,
102,-56.0,2,-63.0,3,90.0,2,45.0,1,
103,-63.0,2,90.0,5,45.0,1,
113,90.0,3,45.0,1,
114,72.0,2,90.0,1,63.0,3,
115,72.0,2,90.0,3,63.0,2,
116,72.0,2,63.0,1,
117,56.0,2,45.0,1,
118,45.0,2,
2200,0.0,2,
2201,45.0,3,
2202,56.0,2,63.0,2,
2203,72.0,3,90.0,1,45.0,1,63.0,1,
2204,76.0,3,
2205,76.0,3,45.0,1,
2206,90.0,3,63.0,1,
2207,63.0,2,
2208,90.0,2,
2209,90.0,2,
2210,90.0,4,
2211,90.0,2,-76.0,2,
2212,-63.0,2,-76.0,2,
2213,-63.0,3,90.0,1,45.0,1,
2214,90.0,4,
2215,-63.0,2,90.0,1,45.0,1,
2216,45.0,2,
2218,45.0,2,
2219,45.0,2,
200,-45.0,2,45.0,4,
201,-56.0,2,90.0,1,45.0,5,
209,45.0,3,
210,-63.0,2,90.0,1,
211,90.0,2,
212,72.0,2,
213,90.0,2,
215,63.0,3,
216,56.0,2,45.0,3,63.0,1,
217,45.0,5,
218,90.0,2,45.0,1,
219,45.0,2,
2301,45.0,2,
2302,45.0,2,
2303,45.0,2,63.0,1,
2304,72.0,2,90.0,1,63.0,1,
2305,90.0,3,63.0,1,
2306,90.0,3,45.0,3,
2307,90.0,5,
2308,90.0,5,
2309,90.0,5,
2310,90.0,3,
2311,90.0,4,
2312,-72.0,2,90.0,2,
2313,-72.0,2,-63.0,1,45.0,1,
2314,90.0,2,
2317,45.0,2,
2318,45.0,2,
300,0.0,3,-45.0,5,
303,-72.0,3,45.0,4,
304,-72.0,2,90.0,6,
305,72.0,2,90.0,4,76.0,2,
306,56.0,2,45.0,6,
307,45.0,2,
309,0.0,4,-76.0,2,
310,72.0,2,-63.0,1,90.0,3,45.0,1,14.0,1,
311,90.0,4,76.0,2,63.0,1,
312,72.0,2,90.0,3,63.0,2,
313,90.0,5,45.0,2,63.0,1,
314,56.0,2,45.0,1,
315,56.0,2,
316,45.0,3,
317,45.0,6,
318,45.0,5,
319,45.0,3,
320,45.0,2,
2402,45.0,2,
2403,63.0,2,
2406,90.0,2,
2407,90.0,2,
2408,90.0,2,
2409,90.0,2,
2410,90.0,2,
2411,45.0,2,
2415,90.0,2,
2416,-63.0,2,
400,0.0,8,
402,0.0,4,45.0,2,
403,0.0,2,45.0,6,
404,45.0,2,
406,90.0,2,45.0,5,
407,27.0,2,45.0,3,
409,0.0,3,18.0,2,45.0,1,
410,0.0,3,
413,56.0,3,90.0,1,45.0,1,
414,56.0,2,90.0,1,45.0,2,63.0,2,
415,45.0,2,63.0,1,
416,45.0,2,
417,45.0,4,
418,45.0,6,
419,45.0,3,
420,0.0,2,45.0,1,
421,27.0,2,
2504,90.0,2,
2505,90.0,2,
2506,90.0,2,
2507,90.0,2,
2508,90.0,2,
2509,90.0,2,
2510,90.0,2,
2511,90.0,2,
2512,90.0,2,
2513,90.0,2,
2514,90.0,2,
500,0.0,8,
502,0.0,3,18.0,2,45.0,2,
503,0.0,2,45.0,5,
504,72.0,2,
505,90.0,2,
506,-63.0,2,-45.0,1,45.0,2,-34.0,2,
507,0.0,3,45.0,2,
509,0.0,4,-27.0,2,
510,0.0,2,-45.0,1,
514,45.0,3,
515,45.0,6,
516,45.0,2,
517,45.0,2,
518,37.0,3,45.0,2,
519,0.0,2,34.0,1,45.0,1,
520,45.0,2,
521,34.0,2,
600,0.0,3,18.0,3,27.0,2,
603,72.0,3,56.0,1,45.0,3,
604,72.0,2,90.0,1,76.0,2,45.0,1,63.0,1,
605,-72.0,3,-63.0,1,90.0,2,
606,-63.0,2,90.0,1,45.0,4,
607,45.0,2,
609,-45.0,5,-27.0,1,45.0,1,
610,0.0,2,-45.0,1,
615,34.0,3,
616,34.0,2,27.0,1,45.0,3,
617,45.0,2,
618,0.0,3,34.0,1,
619,0.0,2,27.0,3,45.0,1,
620,45.0,3,
621,27.0,2,
622,18.0,2,
700,34.0,4,27.0,1,45.0,2,
701,45.0,4,
702,63.0,2,
704,90.0,2,
705,90.0,2,
706,45.0,2,
708,0.0,2,-63.0,1,-45.0,2,
709,0.0,2,-45.0,1,45.0,2,
710,0.0,2,
716,0.0,3,37.0,2,45.0,1,
717,0.0,3,45.0,2,
718,0.0,2,
719,0.0,2,27.0,3,
720,27.0,3,45.0,1,
721,45.0,2,
722,27.0,2,
800,0.0,2,45.0,1,
801,56.0,4,45.0,3,
802,72.0,3,45.0,3,
803,72.0,2,
804,90.0,2,
805,90.0,2,
806,90.0,4,
807,-72.0,3,90.0,2,45.0,1,
808,90.0,2,45.0,5,
809,0.0,2,
816,27.0,3,
817,27.0,3,45.0,1,
818,45.0,2,
819,45.0,3,14.0,1,
820,0.0,3,45.0,1,
821,45.0,2,
822,0.0,2,27.0,1,
901,45.0,2,
902,72.0,2,90.0,2,45.0,2,63.0,1,
903,90.0,3,76.0,2,63.0,1,
904,90.0,6,
905,90.0,6,
906,-63.0,2,90.0,4,
907,-72.0,2,90.0,1,45.0,1,
908,90.0,3,45.0,1,
909,90.0,4,45.0,1,
910,90.0,4,
911,90.0,2,45.0,2,
912,90.0,2,
917,0.0,3,45.0,1,14.0,2,
918,45.0,2,
919,0.0,3,27.0,2,
920,0.0,3,18.0,1,
922,0.0,3,
1003,90.0,2,45.0,1,
1004,90.0,2,63.0,1,
1005,90.0,3,
1006,-63.0,2,90.0,1,
1007,90.0,2,
1008,0.0,5,90.0,1,
1009,0.0,2,90.0,3,
1010,90.0,4,
1011,0.0,3,90.0,3,
1012,0.0,2,
1017,0.0,4,
1018,0.0,3,
1019,0.0,5,
1020,0.0,4,
1022,0.0,3,
1101,45.0,2,
1102,-63.0,2,
1103,-63.0,2,90.0,2,
1104,90.0,3,
1105,90.0,3,
1106,45.0,2,
1107,72.0,2,
1108,0.0,6,56.0,1,
1109,0.0,2,90.0,1,
1110,90.0,2,
1111,0.0,6,90.0,1,
1112,0.0,2,90.0,1,
1117,0.0,4,
1118,0.0,3,
1119,0.0,5,
1120,0.0,4,
1122,0.0,3,
1200,45.0,2,
1201,0.0,2,45.0,2,
1202,-63.0,3,90.0,1,45.0,2,
1203,-72.0,2,-63.0,1,90.0,3,
1204,90.0,4,
1205,90.0,3,45.0,2,63.0,1,
1206,72.0,2,63.0,4,
1207,45.0,3,63.0,2,
1208,0.0,6,
1209,0.0,2,90.0,1,
1211,0.0,6,
1212,0.0,3,
1217,0.0,4,
1218,0.0,3,
1219,0.0,4,-45.0,1,
1220,0.0,4,
1222,0.0,3,
1300,-45.0,2,45.0,2,
1301,0.0,3,45.0,3,
1302,-63.0,2,90.0,1,45.0,1,
1303,-63.0,2,
1304,90.0,2,45.0,1,
1305,-72.0,2,90.0,1,
1306,90.0,3,
1307,56.0,3,90.0,1,45.0,4,
1308,-72.0,2,90.0,1,-45.0,3,
1309,0.0,2,
1311,0.0,6,
1312,0.0,3,
1316,0.0,3,
1317,0.0,6,
1318,45.0,4,
1319,0.0,5,
1320,0.0,4,
1322,0.0,3,
1400,0.0,4,-45.0,1,-34.0,2,
1401,45.0,4,
1402,45.0,2,
1403,0.0,2,
1404,90.0,3,45.0,1,
1405,76.0,3,
1406,90.0,3,
1407,45.0,2,
1408,45.0,4,
1409,0.0,2,45.0,1,
1411,0.0,6,
1412,0.0,3,
1416,-27.0,3,
1417,-45.0,4,
1418,-45.0,2,
1419,0.0,4,
1420,0.0,4,
1421,0.0,2,
1422,0.0,3,
1500,0.0,4,-45.0,3,45.0,1,
1501,0.0,2,
1503,0.0,2,45.0,3,
1504,-63.0,4,45.0,2,
1505,-72.0,2,90.0,2,
1506,90.0,2,63.0,4,
1507,45.0,6,
1509,37.0,2,45.0,1,
1510,90.0,2,
1511,0.0,6,90.0,1,
1512,0.0,2,-45.0,1,
1516,45.0,2,-34.0,2,
1517,0.0,2,-45.0,2,45.0,1,
1518,45.0,2,
1519,0.0,3,-18.0,2,
1520,0.0,2,-45.0,1,45.0,1,
1521,-34.0,2,
1522,0.0,2,
1600,0.0,7,-45.0,1,
1602,0.0,3,
1603,0.0,4,27.0,1,-45.0,1,45.0,1,
1604,45.0,3,
1605,-63.0,2,
1606,90.0,2,
1607,90.0,2,27.0,2,45.0,3,
1608,45.0,6,
1611,0.0,6,
1612,0.0,2,
1615,-45.0,3,45.0,1,
1616,0.0,2,45.0,5,
1617,0.0,3,
1618,0.0,2,-45.0,2,
1619,0.0,2,45.0,4,
1620,0.0,3,-45.0,1,
1621,45.0,3,
1622,0.0,2,
1700,0.0,7,34.0,1,
1702,0.0,4,
1703,0.0,4,45.0,2,
1704,56.0,2,90.0,1,
1705,72.0,2,
1706,45.0,2,
1707,45.0,2,
1708,0.0,2,18.0,1,76.0,2,45.0,2,
1709,90.0,4,
1710,90.0,4,
1711,0.0,5,-45.0,1,
1712,0.0,2,45.0,1,
1713,-72.0,2,
1714,-72.0,2,-63.0,2,
1715,90.0,2,45.0,3,
1716,-45.0,3,45.0,1,
1718,0.0,2,-34.0,2,
1719,0.0,3,-45.0,1,45.0,1,
1720,45.0,2,
1721,-45.0,2,
1800,0.0,6,14.0,2,
1801,45.0,2,
1802,45.0,2,
1803,0.0,3,18.0,1,-45.0,1,45.0,2,
1806,90.0,2,
1807,90.0,2,
1808,0.0,2,90.0,2,45.0,1,
1809,90.0,4,45.0,1,
1810,90.0,4,
1811,90.0,4,
1812,0.0,2,90.0,3,
1813,-63.0,3,
1814,90.0,2,45.0,4,
1815,90.0,2,45.0,2,
1817,0.0,2,-45.0,2,
1818,0.0,2,45.0,6,
1819,0.0,2,-45.0,1,45.0,1,
1821,-45.0,2,
1900,0.0,2,34.0,2,27.0,3,
1901,45.0,2,
1902,56.0,2,
1903,0.0,2,45.0,4,
1904,90.0,2,45.0,2,63.0,2,
1905,63.0,3,
1906,90.0,3,
1909,63.0,2,
1910,90.0,4,
1911,-72.0,3,90.0,1,
1912,-63.0,3,90.0,2,
1913,90.0,4,
1914,90.0,3,
1916,0.0,3,-72.0,1,45.0,1,
1917,0.0,2,-63.0,1,45.0,3,
1918,0.0,2,45.0,2,
1920,0.0,2,
1921,45.0,2,
2000,0.0,2,34.0,1,45.0,4,
2001,34.0,3,
2003,27.0,2,63.0,1,
2004,72.0,2,45.0,2,63.0,1,
2005,72.0,2,90.0,1,63.0,2,
2006,90.0,6,63.0,1,
2007,90.0,2,76.0,2,45.0,2,
2008,90.0,4,
2009,90.0,4,
2010,-63.0,2,90.0,1,45.0,1,
2011,-72.0,2,-63.0,2,
2012,-63.0,3,90.0,1,45.0,1,
2013,-72.0,2,45.0,1,
2014,-72.0,2,
2015,-72.0,2,90.0,1,45.0,2,
2016,90.0,4,45.0,1,
2017,45.0,4,
2018,45.0,2,
2020,0.0,2,
