3,-72.0,1,90.0,4,45.0,1,
4,-72.0,2,-63.0,1,90.0,2,-76.0,1,
5,-72.0,2,-63.0,1,90.0,3,
6,-72.0,1,90.0,4,-76.0,1,
7,90.0,6,
8,90.0,6,
9,90.0,6,
10,72.0,1,90.0,4,76.0,1,
11,90.0,5,76.0,1,
12,72.0,2,90.0,3,76.0,1,
13,72.0,2,90.0,2,63.0,2,
14,72.0,1,45.0,1,63.0,1,
15,72.0,1,45.0,1,
2100,0.0,2,27.0,1,45.0,1,
2101,53.0,1,45.0,3,
2102,90.0,1,
2103,27.0,1,
2106,90.0,1,
2107,-56.0,1,90.0,1,
2108,90.0,1,45.0,3,
2109,-56.0,1,90.0,2,
2110,72.0,1,63.0,3,
2111,90.0,1,76.0,1,45.0,1,
2112,90.0,1,
2113,90.0,1,45.0,1,
2114,90.0,1,-76.0,1,
2115,-63.0,1,90.0,1,45.0,1,
2116,-63.0,1,45.0,1,
2117,-56.0,1,90.0,1,45.0,1,
2118,45.0,1,
2120,0.0,1,
101,90.0,2,45.0,3,
102,-56.0,1,-63.0,4,90.0,1,
103,90.0,2,45.0,3,
113,90.0,1,
114,72.0,1,90.0,1,63.0,2,
115,72.0,1,90.0,2,63.0,2,
116,72.0,1,63.0,1,
117,56.0,1,45.0,1,
118,45.0,1,
2200,45.0,1,
2201,56.0,1,90.0,1,45.0,1,
2202,90.0,2,63.0,2,
2203,90.0,2,
2204,90.0,2,
2205,90.0,3,
2206,90.0,3,45.0,1,
2207,-63.0,2,90.0,1,
2208,-56.0,1,90.0,1,
2210,45.0,1,
2211,72.0,1,90.0,1,45.0,1,
2212,90.0,3,
2213,72.0,1,90.0,2,
2214,-72.0,1,90.0,2,
2215,90.0,3,
2216,-72.0,1,90.0,1,
2219,45.0,1,
200,0.0,2,-45.0,1,45.0,3,
201,-63.0,1,45.0,5,
209,90.0,1,45.0,2,
210,-63.0,1,90.0,2,
211,90.0,1,
212,72.0,1,
213,90.0,1,
215,63.0,1,
216,56.0,1,45.0,1,63.0,2,
217,45.0,4,
218,90.0,1,45.0,1,
219,45.0,1,
2300,45.0,1,
2301,45.0,1,
2302,90.0,1,
2303,90.0,2,
2304,90.0,3,
2305,90.0,2,45.0,1,
2306,-72.0,1,90.0,1,
2307,45.0,1,
2309,90.0,1,
2310,90.0,1,
2311,45.0,1,
2312,90.0,1,
2317,90.0,1,
2318,90.0,1,
300,0.0,4,-27.0,1,-34.0,1,
303,-56.0,1,-72.0,1,90.0,2,45.0,1,
304,-72.0,2,90.0,4,
305,72.0,1,90.0,3,76.0,1,63.0,1,
306,72.0,1,90.0,3,45.0,2,
307,45.0,1,
309,0.0,2,18.0,1,27.0,1,
310,-63.0,1,90.0,2,45.0,1,14.0,1,
311,90.0,4,76.0,1,
312,72.0,1,76.0,1,63.0,3,
313,90.0,3,45.0,1,63.0,2,
314,56.0,1,45.0,1,
315,56.0,1,
316,45.0,1,
317,45.0,4,
318,45.0,4,
319,45.0,2,
320,45.0,1,
2401,45.0,1,
2402,63.0,1,
2403,45.0,1,
2406,45.0,1,
2407,90.0,1,
2408,-63.0,1,
2412,45.0,1,
2413,63.0,1,
2414,90.0,1,
2415,90.0,1,
2416,-63.0,1,
2417,45.0,1,
400,0.0,6,
402,0.0,2,-45.0,2,
403,45.0,3,14.0,1,
406,27.0,1,45.0,4,
407,0.0,2,45.0,1,-34.0,1,
409,0.0,2,18.0,1,45.0,1,
410,0.0,2,
413,56.0,1,90.0,1,45.0,1,
414,56.0,1,90.0,1,45.0,2,63.0,1,
415,45.0,1,63.0,1,
416,56.0,1,
417,0.0,1,45.0,1,
418,45.0,4,
419,45.0,2,
420,0.0,1,45.0,1,
421,27.0,1,
2503,90.0,1,
2504,90.0,1,
2505,90.0,1,
2506,90.0,1,
500,0.0,5,14.0,1,
502,0.0,3,45.0,2,
503,72.0,1,90.0,1,45.0,4,
504,72.0,1,
505,90.0,2,
506,-63.0,1,90.0,1,45.0,3,
507,0.0,2,45.0,2,
509,0.0,3,-27.0,1,
510,0.0,1,-45.0,1,
514,45.0,1,
515,45.0,4,
516,45.0,2,
517,45.0,1,
518,0.0,1,37.0,1,45.0,1,
519,0.0,1,34.0,1,45.0,1,
520,45.0,1,
521,34.0,1,
600,0.0,2,34.0,1,27.0,2,18.0,1,
601,45.0,1,
603,45.0,5,
604,72.0,1,90.0,2,63.0,2,
605,-72.0,1,90.0,4,
606,90.0,1,45.0,2,
607,45.0,1,
608,45.0,1,
609,-45.0,4,45.0,1,
610,0.0,1,-45.0,1,
615,45.0,1,
616,34.0,1,27.0,1,45.0,2,
617,45.0,1,
618,27.0,1,45.0,1,
619,0.0,1,18.0,1,27.0,1,45.0,1,
620,45.0,2,
621,27.0,1,
622,18.0,1,
700,34.0,1,45.0,4,
701,45.0,4,
702,56.0,1,
703,45.0,1,
707,90.0,1,
708,-72.0,1,45.0,4,
709,-45.0,1,45.0,4,
710,45.0,1,
716,0.0,2,34.0,1,45.0,1,
717,0.0,2,45.0,1,
718,0.0,1,45.0,1,
719,18.0,1,27.0,1,45.0,1,
720,0.0,1,27.0,2,
721,45.0,1,
722,45.0,1,
800,45.0,1,
801,56.0,1,45.0,3,63.0,1,
802,90.0,1,63.0,3,
803,90.0,2,
804,72.0,1,
805,90.0,1,45.0,1,
806,-72.0,1,-76.0,1,45.0,1,
807,-72.0,1,-63.0,1,90.0,3,
808,-63.0,1,45.0,2,
809,90.0,1,45.0,1,
810,90.0,1,
811,90.0,1,
812,90.0,1,
816,45.0,1,
817,0.0,2,18.0,1,
818,27.0,1,
819,45.0,1,14.0,1,
820,0.0,2,45.0,1,
821,45.0,1,
822,0.0,1,27.0,1,
901,45.0,1,
902,90.0,1,63.0,1,
903,90.0,4,45.0,1,
904,72.0,1,90.0,3,
905,90.0,4,
906,90.0,3,45.0,1,
907,90.0,2,
908,-63.0,1,90.0,2,45.0,1,
909,0.0,1,90.0,3,
910,90.0,3,
911,45.0,1,
912,0.0,1,
916,0.0,1,
917,0.0,2,18.0,1,
918,0.0,1,
919,0.0,1,27.0,1,45.0,1,
920,0.0,2,18.0,1,
922,0.0,2,
1004,90.0,1,
1005,90.0,1,
1006,90.0,1,
1008,0.0,4,
1009,0.0,1,90.0,2,
1010,0.0,2,90.0,2,
1011,0.0,1,90.0,2,
1012,0.0,1,45.0,1,
1016,45.0,1,
1017,0.0,4,
1019,0.0,3,
1020,0.0,3,
1022,0.0,2,
1108,0.0,4,
1109,0.0,2,
1110,0.0,2,
1111,0.0,2,
1112,0.0,2,
1117,0.0,4,
1119,0.0,1,27.0,1,-18.0,1,
1120,0.0,3,
1122,0.0,2,
1208,0.0,4,
1209,0.0,2,
1210,0.0,2,
1211,0.0,2,
1212,0.0,2,
1216,0.0,1,
1217,0.0,3,45.0,1,
1219,0.0,3,
1220,0.0,3,
1222,0.0,1,-45.0,1,
1301,90.0,1,
1302,-63.0,1,
1303,-72.0,1,
1304,90.0,1,
1305,90.0,1,
1306,72.0,1,
1307,56.0,1,
1308,0.0,4,45.0,1,
1309,0.0,2,
1310,0.0,2,
1311,0.0,2,
1312,0.0,2,
1316,-18.0,1,
1317,0.0,3,
1318,45.0,1,
1319,0.0,1,-45.0,2,
1320,0.0,3,
1322,0.0,1,-27.0,1,
1400,-45.0,1,
1401,45.0,2,
1402,-63.0,1,45.0,1,
1403,90.0,2,-76.0,1,
1404,90.0,3,
1405,90.0,2,76.0,1,
1406,76.0,1,
1408,0.0,4,45.0,1,
1409,0.0,1,-63.0,1,
1410,0.0,2,
1411,0.0,2,
1412,0.0,2,
1416,-27.0,1,
1417,0.0,2,-45.0,1,
1418,-34.0,1,
1419,0.0,1,-18.0,1,
1420,0.0,2,-45.0,1,
1422,0.0,1,-27.0,1,
1500,0.0,1,-45.0,1,
1501,-63.0,2,90.0,2,
1502,-72.0,1,-63.0,1,90.0,1,
1503,90.0,1,45.0,2,
1504,-72.0,1,90.0,1,
1505,72.0,1,90.0,1,45.0,1,
1506,72.0,1,56.0,1,90.0,1,63.0,1,
1507,45.0,2,63.0,2,
1508,0.0,4,
1509,0.0,1,
1510,0.0,2,
1511,0.0,2,
1512,0.0,1,-27.0,1,
1516,-45.0,1,45.0,1,
1517,0.0,3,-45.0,1,
1518,0.0,1,
1519,0.0,1,-18.0,1,
1520,0.0,3,
1521,-27.0,1,
1522,-45.0,1,45.0,1,
1600,0.0,3,-45.0,2,
1601,45.0,2,
1602,-63.0,1,
1603,0.0,1,90.0,1,
1604,90.0,2,
1605,90.0,1,
1606,63.0,1,
1607,45.0,4,63.0,1,
1608,90.0,2,45.0,3,
1609,0.0,1,
1610,0.0,2,
1611,0.0,2,
1612,0.0,1,45.0,1,
1613,90.0,1,
1615,-45.0,1,
1616,0.0,1,90.0,1,-45.0,1,45.0,2,
1617,0.0,2,45.0,1,
1618,0.0,1,
1619,0.0,1,-45.0,1,
1620,0.0,2,45.0,1,
1621,-45.0,1,
1622,0.0,1,
1700,0.0,3,-45.0,2,45.0,1,
1701,-63.0,1,
1702,45.0,1,
1703,34.0,1,-53.0,1,45.0,3,
1704,90.0,3,45.0,1,63.0,1,
1705,90.0,1,63.0,3,
1706,90.0,1,45.0,2,
1707,-63.0,1,
1708,-45.0,1,45.0,1,
1709,-45.0,1,
1710,0.0,1,-45.0,1,
1711,0.0,1,-27.0,1,
1712,0.0,1,
1713,45.0,1,
1714,72.0,1,
1715,0.0,1,90.0,1,
1716,0.0,2,-45.0,1,45.0,1,
1718,0.0,1,-27.0,1,
1719,0.0,2,45.0,1,
1720,0.0,1,-45.0,1,45.0,1,
1721,0.0,1,
1722,45.0,1,
1800,0.0,5,27.0,1,
1802,0.0,2,
1803,0.0,2,45.0,2,
1804,45.0,2,
1805,90.0,1,45.0,1,
1806,45.0,4,63.0,1,
1807,45.0,4,
1810,-72.0,1,45.0,2,
1811,18.0,1,27.0,1,45.0,1,63.0,2,
1812,0.0,1,76.0,1,
1813,-76.0,1,
1814,-56.0,1,
1815,45.0,3,
1816,45.0,2,
1817,45.0,1,
1818,0.0,1,45.0,2,-34.0,1,
1819,0.0,3,45.0,1,
1820,45.0,1,
1821,-45.0,1,
1900,0.0,4,18.0,1,
1901,45.0,1,
1902,90.0,1,45.0,1,
1903,18.0,1,27.0,1,53.0,1,45.0,2,
1904,90.0,2,
1905,90.0,2,
1906,-72.0,1,45.0,2,
1907,-45.0,1,45.0,4,
1908,-72.0,1,
1909,90.0,1,
1911,0.0,1,90.0,2,45.0,1,
1912,72.0,2,45.0,1,63.0,2,
1913,72.0,1,90.0,2,63.0,1,
1914,-72.0,1,-63.0,1,90.0,2,
1915,90.0,1,45.0,2,
1916,-72.0,1,
1917,-72.0,1,-45.0,1,45.0,1,
1918,0.0,1,90.0,1,45.0,2,
1919,0.0,1,-45.0,1,
1921,-45.0,1,
2000,0.0,1,27.0,3,45.0,1,
2002,90.0,1,
2003,72.0,1,0.0,1,45.0,2,63.0,1,
2004,90.0,3,63.0,1,
2005,-63.0,1,90.0,3,
2006,-72.0,2,-63.0,1,90.0,1,
2007,-72.0,1,90.0,1,45.0,2,
2008,-63.0,1,45.0,1,
2009,76.0,1,45.0,1,
2010,90.0,1,
2012,45.0,1,
2013,90.0,1,
2016,90.0,2,
2017,45.0,3,
2018,-45.0,1,45.0,2,
2020,0.0,1,
2021,45.0,1,
