12,90.0,1,45.0,1,
13,-72.0,2,-63.0,1,90.0,1,
14,-72.0,1,-63.0,1,90.0,4,
15,-72.0,2,90.0,3,76.0,1,
16,72.0,1,90.0,5,
17,90.0,4,76.0,1,63.0,1,
18,72.0,2,90.0,2,63.0,2,
19,72.0,1,45.0,1,63.0,1,
20,56.0,1,45.0,1,
2103,45.0,1,
2104,45.0,1,
2105,90.0,1,45.0,2,
2106,56.0,1,90.0,1,63.0,2,
2107,63.0,1,
2108,90.0,1,
2109,63.0,1,
2110,45.0,1,
2116,90.0,1,
2117,-72.0,1,90.0,1,
2118,-63.0,1,90.0,1,45.0,1,
2119,-63.0,1,90.0,1,45.0,2,
2120,45.0,2,
2122,-45.0,1,
111,45.0,2,
112,90.0,1,45.0,4,
113,-63.0,1,45.0,1,
114,45.0,1,
118,45.0,1,
119,56.0,1,45.0,2,63.0,1,
120,45.0,4,
121,56.0,1,45.0,1,
122,45.0,1,
2204,45.0,1,
2205,45.0,1,
2206,45.0,1,
2207,56.0,1,63.0,2,
2208,90.0,1,76.0,1,45.0,1,63.0,1,
2209,90.0,1,76.0,1,
2210,90.0,1,76.0,1,
2211,90.0,1,63.0,1,
2212,90.0,2,
2213,90.0,2,
2214,90.0,2,
2215,90.0,3,
2216,90.0,3,45.0,1,
2217,90.0,3,45.0,1,
2218,-63.0,2,45.0,1,
2221,45.0,1,
2222,45.0,1,
200,0.0,1,
201,72.0,1,90.0,4,76.0,1,
202,90.0,6,
203,72.0,1,90.0,1,76.0,1,63.0,2,
204,72.0,1,45.0,2,
205,45.0,1,
210,0.0,1,
211,0.0,2,-45.0,2,
212,0.0,1,-45.0,1,
215,90.0,1,45.0,1,
216,90.0,1,45.0,2,
217,90.0,1,
218,90.0,1,
219,27.0,1,
220,0.0,1,34.0,1,45.0,2,
221,45.0,2,
222,27.0,1,45.0,1,
223,0.0,1,
2305,45.0,1,
2306,45.0,1,
2307,45.0,1,
2308,90.0,1,
2309,90.0,2,45.0,1,
2310,90.0,2,63.0,1,
2311,90.0,3,
2312,90.0,3,
2313,90.0,3,
2314,90.0,3,
2315,-72.0,1,-63.0,1,45.0,1,
2316,-72.0,1,90.0,1,
2317,45.0,1,
2320,90.0,1,
2321,45.0,1,
300,0.0,1,
301,0.0,5,
303,90.0,1,45.0,1,
304,56.0,1,90.0,2,45.0,1,63.0,1,
305,56.0,1,45.0,3,63.0,2,
306,56.0,1,
310,0.0,1,45.0,1,
311,0.0,3,
312,0.0,2,
313,45.0,3,
314,-56.0,1,-63.0,1,90.0,1,-76.0,1,45.0,1,
315,-72.0,1,-63.0,1,90.0,3,
316,72.0,1,90.0,3,45.0,1,63.0,1,
317,56.0,1,90.0,1,45.0,1,63.0,2,
318,45.0,4,63.0,1,
319,56.0,1,
320,27.0,1,45.0,2,
321,0.0,1,27.0,1,45.0,1,
322,45.0,1,
323,27.0,1,
2407,45.0,1,
2408,63.0,1,
2418,90.0,1,
2419,-63.0,1,
2420,45.0,1,
400,0.0,1,
401,56.0,1,0.0,1,45.0,3,
402,72.0,1,45.0,3,
403,90.0,1,
405,90.0,2,45.0,2,
406,45.0,5,
407,37.0,1,
410,0.0,2,
411,0.0,3,
412,0.0,1,45.0,1,
413,0.0,3,45.0,1,
414,0.0,2,
415,45.0,2,
417,45.0,1,
418,27.0,1,45.0,3,
419,45.0,1,63.0,1,
420,18.0,1,45.0,2,
421,45.0,4,
423,0.0,1,45.0,1,
2509,90.0,1,
2510,90.0,1,
2511,90.0,1,
2512,90.0,1,
2513,90.0,1,
2514,90.0,1,
2515,90.0,1,
2516,90.0,1,
2517,-63.0,1,
2518,45.0,1,
500,45.0,1,
501,90.0,1,63.0,1,
502,72.0,1,56.0,1,90.0,2,63.0,1,
503,56.0,1,45.0,2,63.0,2,
504,45.0,1,
506,0.0,1,45.0,3,
507,0.0,1,27.0,2,45.0,3,
508,27.0,1,
510,18.0,1,
511,0.0,3,27.0,1,
512,27.0,1,
513,45.0,4,
514,90.0,2,45.0,2,63.0,1,
515,45.0,1,
516,90.0,1,
518,45.0,2,
519,0.0,2,45.0,1,
520,0.0,1,27.0,1,
521,0.0,4,
523,0.0,2,
603,45.0,2,63.0,1,
604,27.0,1,45.0,5,
605,27.0,1,
607,0.0,1,34.0,1,27.0,2,45.0,1,
608,45.0,1,14.0,1,
611,34.0,1,45.0,3,
612,27.0,1,45.0,2,
613,56.0,1,
614,0.0,3,72.0,1,90.0,1,
615,63.0,1,
616,0.0,1,45.0,1,
618,0.0,1,-45.0,1,
619,0.0,2,45.0,1,
620,0.0,2,-34.0,1,
621,0.0,3,
623,0.0,1,-45.0,1,
704,0.0,1,18.0,1,27.0,1,45.0,2,
705,0.0,1,45.0,2,
707,0.0,3,45.0,1,
708,0.0,2,45.0,1,
712,56.0,1,90.0,1,45.0,2,63.0,1,
713,76.0,1,45.0,1,63.0,3,
714,0.0,1,-63.0,2,-18.0,1,
715,90.0,1,
716,0.0,1,90.0,1,
717,45.0,1,
718,0.0,2,-45.0,1,45.0,1,
719,90.0,1,45.0,2,
720,-45.0,1,45.0,1,-18.0,1,
721,0.0,2,-45.0,1,
723,0.0,1,-45.0,1,
804,0.0,1,45.0,1,
805,0.0,3,27.0,1,-45.0,1,
807,0.0,2,
808,0.0,3,-27.0,1,
813,90.0,1,45.0,1,
814,90.0,1,63.0,1,
815,90.0,2,
816,0.0,1,90.0,2,
817,-63.0,1,90.0,3,45.0,1,
818,-63.0,1,45.0,3,
819,45.0,1,
820,0.0,1,-45.0,1,45.0,1,
821,0.0,1,-45.0,1,45.0,1,
822,-45.0,1,
823,0.0,1,
902,90.0,1,
903,-72.0,1,
904,-63.0,1,-45.0,3,45.0,1,
905,0.0,1,45.0,2,
907,0.0,2,45.0,1,-18.0,1,
908,0.0,3,-45.0,1,
913,90.0,1,
914,90.0,2,
915,-72.0,1,0.0,1,90.0,3,
916,-63.0,2,90.0,1,45.0,1,
917,45.0,2,
918,45.0,1,
919,-45.0,1,45.0,1,
920,0.0,1,90.0,1,-45.0,2,
921,45.0,1,
922,0.0,1,
923,45.0,1,
1000,-72.0,1,
1001,90.0,2,
1002,-72.0,1,90.0,1,
1003,-72.0,1,-63.0,1,90.0,1,45.0,1,
1004,45.0,4,
1005,45.0,1,
1006,45.0,2,
1007,-45.0,4,45.0,1,
1008,0.0,1,
1013,0.0,4,
1014,-72.0,1,90.0,1,45.0,1,
1015,0.0,1,90.0,1,
1016,90.0,1,
1017,90.0,1,45.0,1,
1018,-63.0,1,90.0,1,45.0,1,
1019,-63.0,2,45.0,2,
1020,56.0,1,45.0,2,
1021,63.0,1,
1022,0.0,1,
1100,90.0,4,14.0,1,
1101,-72.0,1,90.0,3,
1102,-72.0,1,90.0,1,45.0,1,
1103,90.0,1,
1104,90.0,1,45.0,1,
1105,-72.0,1,
1106,-63.0,1,45.0,4,
1107,0.0,1,45.0,2,
1108,0.0,1,
1113,0.0,4,
1114,0.0,1,
1115,72.0,1,90.0,1,
1116,72.0,1,45.0,1,
1117,72.0,1,45.0,1,
1118,45.0,2,53.0,1,63.0,2,
1119,45.0,4,
1120,45.0,1,
1121,90.0,1,45.0,1,
1122,45.0,1,
1200,0.0,1,90.0,1,27.0,4,
1201,90.0,1,
1202,-63.0,1,
1203,45.0,2,
1204,0.0,1,-76.0,1,45.0,1,
1205,-63.0,2,90.0,1,45.0,1,
1206,45.0,3,
1207,-45.0,1,
1213,72.0,1,0.0,3,
1214,0.0,1,90.0,3,76.0,1,
1215,90.0,1,45.0,1,63.0,2,
1216,45.0,2,
1218,45.0,1,
1219,56.0,2,90.0,1,37.0,1,45.0,2,
1220,90.0,1,45.0,4,
1222,45.0,1,
1223,27.0,1,
1300,0.0,1,27.0,2,45.0,1,14.0,1,
1301,18.0,1,
1303,0.0,1,-63.0,1,45.0,2,
1304,-72.0,1,-63.0,1,34.0,1,90.0,1,
1305,90.0,1,
1306,90.0,1,
1307,45.0,1,
1314,0.0,1,
1315,90.0,2,
1316,56.0,2,90.0,2,45.0,1,
1317,45.0,3,63.0,1,
1320,0.0,1,90.0,1,27.0,1,37.0,1,45.0,2,
1321,45.0,1,63.0,1,
1323,14.0,1,
1400,0.0,2,45.0,3,
1401,0.0,1,18.0,1,27.0,1,45.0,1,
1402,45.0,1,
1403,0.0,3,27.0,1,
1404,90.0,1,27.0,1,45.0,2,
1405,-63.0,1,37.0,1,
1416,90.0,1,
1417,45.0,3,63.0,1,
1418,0.0,1,90.0,1,45.0,3,
1420,45.0,2,
1421,0.0,2,27.0,1,45.0,2,
1422,45.0,1,
1423,0.0,1,
1500,45.0,1,
1501,34.0,1,18.0,1,45.0,2,
1502,37.0,1,
1503,0.0,1,
1504,27.0,1,37.0,1,45.0,3,
1505,45.0,1,
1506,45.0,1,
1518,0.0,1,18.0,1,45.0,3,
1519,0.0,1,45.0,2,
1520,0.0,2,
1521,0.0,3,45.0,1,
1522,0.0,1,
1523,0.0,1,45.0,1,
1601,0.0,4,34.0,1,
1602,27.0,1,45.0,2,
1603,37.0,1,
1604,45.0,4,
1605,0.0,1,37.0,1,45.0,2,
1607,56.0,1,
1608,45.0,1,
1618,-18.0,1,
1619,0.0,2,90.0,1,45.0,2,
1620,0.0,1,-45.0,1,45.0,1,
1621,0.0,3,
1623,27.0,1,-27.0,1,
1701,27.0,1,45.0,1,
1702,34.0,1,45.0,3,
1703,45.0,1,
1704,0.0,1,45.0,1,
1705,45.0,5,
1706,45.0,4,
1708,90.0,1,
1709,72.0,1,
1710,72.0,1,
1711,45.0,1,
1716,90.0,1,
1717,0.0,1,-72.0,1,
1718,0.0,1,-63.0,1,-45.0,1,
1719,0.0,2,45.0,2,
1720,-45.0,1,45.0,1,
1721,0.0,3,
1722,0.0,1,
1723,0.0,2,
1801,45.0,1,
1802,0.0,1,45.0,3,
1803,45.0,4,
1805,56.0,1,45.0,1,
1806,45.0,5,
1807,53.0,1,45.0,3,
1808,90.0,1,
1811,90.0,1,
1812,72.0,1,
1813,90.0,1,
1814,90.0,1,
1815,90.0,1,
1816,-72.0,1,90.0,1,
1817,-63.0,1,45.0,1,
1818,-45.0,1,45.0,2,
1819,45.0,1,
1820,0.0,1,-27.0,1,
1821,0.0,3,45.0,1,
1822,45.0,1,
1823,0.0,1,
1902,45.0,1,
1903,0.0,1,45.0,3,
1904,53.0,1,45.0,2,
1906,90.0,1,45.0,1,
1907,56.0,1,45.0,2,63.0,1,
1908,72.0,1,90.0,1,63.0,3,
1909,90.0,1,76.0,1,45.0,1,
1910,90.0,1,
1911,76.0,1,
1912,90.0,1,
1913,90.0,1,
1914,-76.0,1,
1915,-72.0,1,45.0,1,
1916,90.0,1,45.0,3,
1917,-63.0,2,45.0,1,
1918,45.0,2,
1919,90.0,1,-45.0,1,
1920,0.0,3,90.0,1,
1921,0.0,1,-45.0,1,45.0,2,
1923,0.0,1,
2003,45.0,1,
2004,45.0,3,
2005,53.0,1,45.0,3,
2006,45.0,1,
2007,63.0,1,
2008,90.0,1,45.0,1,
2009,56.0,1,72.0,1,90.0,1,45.0,1,
2010,72.0,2,90.0,1,63.0,1,
2011,72.0,1,90.0,3,
2012,72.0,1,90.0,3,
2013,-72.0,1,90.0,3,
2014,90.0,4,
2015,-72.0,1,-63.0,1,90.0,2,
2016,90.0,3,
2017,90.0,1,
2018,-63.0,1,90.0,1,
2019,90.0,1,45.0,3,
2020,-45.0,2,45.0,2,
2023,0.0,1,
