3,90.0,4,45.0,1,
4,90.0,5,45.0,1,
5,90.0,4,76.0,1,45.0,1,
6,72.0,1,90.0,2,45.0,2,
7,90.0,1,
14,90.0,2,
15,90.0,3,
16,-72.0,1,90.0,4,76.0,1,
17,90.0,4,45.0,1,
18,90.0,2,
19,72.0,1,45.0,1,
2100,45.0,1,
2101,45.0,3,
2102,45.0,1,
2103,76.0,1,
2104,90.0,2,
2105,90.0,1,
2106,90.0,2,
2107,45.0,1,
2108,45.0,2,
2109,45.0,2,
2112,45.0,3,
2113,45.0,1,
2114,76.0,1,45.0,1,
2115,90.0,1,
2116,90.0,1,-76.0,1,
2117,90.0,1,
2118,45.0,2,
2119,45.0,1,
2120,45.0,2,
2121,45.0,1,
102,90.0,3,45.0,1,
103,90.0,2,45.0,4,
104,90.0,1,
105,90.0,1,
106,72.0,1,90.0,2,45.0,1,
107,90.0,2,45.0,1,
108,90.0,1,
113,-72.0,1,45.0,1,
114,90.0,1,45.0,2,
115,-72.0,1,90.0,2,
116,45.0,1,
117,72.0,1,90.0,1,45.0,1,
118,90.0,1,45.0,1,
119,90.0,1,
120,72.0,1,
2200,45.0,1,
2201,45.0,3,
2202,45.0,1,
2204,45.0,1,
2205,90.0,1,
2207,45.0,1,
2208,45.0,2,
2209,45.0,2,
2212,45.0,2,
2213,45.0,2,
2214,45.0,1,
2217,90.0,1,
2218,90.0,1,45.0,1,
2219,45.0,2,
2220,45.0,1,
2221,45.0,1,
201,45.0,1,
202,90.0,2,45.0,4,
203,45.0,1,
206,45.0,1,
207,90.0,1,45.0,3,63.0,1,
208,45.0,2,
212,45.0,1,
213,45.0,3,
214,90.0,1,45.0,2,
215,45.0,1,
218,90.0,2,45.0,1,63.0,1,
219,45.0,1,
220,90.0,1,
221,45.0,1,
2300,45.0,1,
2301,45.0,3,
2302,45.0,1,
2307,45.0,2,
2308,45.0,1,
2309,45.0,2,
2312,45.0,1,
2313,45.0,3,
2314,45.0,1,
2318,45.0,2,
2319,45.0,2,
2320,45.0,1,
2321,45.0,1,
301,45.0,4,
302,45.0,3,
307,45.0,4,
308,45.0,2,
309,45.0,1,
312,45.0,1,
313,45.0,3,
314,45.0,3,
318,90.0,1,45.0,1,
319,45.0,2,
320,45.0,1,
321,45.0,1,
2400,45.0,1,
2401,45.0,1,
2402,90.0,2,
2403,45.0,1,
2406,45.0,1,
2407,90.0,2,
2408,45.0,1,
2409,45.0,1,
2412,45.0,1,
2413,90.0,1,45.0,1,
2414,45.0,2,
2418,45.0,3,
2419,45.0,1,
2420,45.0,1,
2421,45.0,1,
401,0.0,1,45.0,4,
402,90.0,1,
404,45.0,1,
405,90.0,1,
406,45.0,1,
407,90.0,1,
408,45.0,4,
409,45.0,1,
412,45.0,2,
413,0.0,1,45.0,2,
414,45.0,1,
417,90.0,1,
418,90.0,1,45.0,1,
419,45.0,4,
421,45.0,1,
422,0.0,1,
2500,45.0,1,
2502,45.0,3,
2503,45.0,3,
2506,90.0,1,45.0,2,
2507,45.0,1,
2508,45.0,1,
2509,45.0,1,
2512,45.0,1,
2514,90.0,2,45.0,2,
2517,90.0,1,
2518,90.0,1,45.0,2,
2520,45.0,2,
2521,45.0,1,
500,45.0,2,
501,45.0,6,
503,45.0,2,
504,-63.0,1,-76.0,1,
505,72.0,1,
506,63.0,1,
508,45.0,4,
509,0.0,1,45.0,1,
511,0.0,1,
512,45.0,2,
513,0.0,1,45.0,2,
514,90.0,1,
515,-76.0,1,
516,90.0,2,
517,45.0,1,
518,45.0,1,
519,0.0,1,90.0,1,45.0,2,
520,45.0,1,
521,45.0,1,
522,0.0,1,
2600,45.0,1,
2602,45.0,1,
2603,90.0,2,45.0,1,
2604,90.0,2,
2605,90.0,2,
2606,90.0,1,45.0,2,
2608,45.0,1,
2609,45.0,1,
2612,45.0,1,
2614,45.0,3,
2615,90.0,2,45.0,1,
2616,90.0,2,
2617,90.0,2,45.0,1,
2620,45.0,2,
600,0.0,1,45.0,1,
601,45.0,4,
603,-63.0,1,45.0,2,
604,90.0,2,45.0,1,
605,90.0,3,45.0,1,
606,45.0,1,
607,45.0,1,
608,45.0,4,
609,45.0,1,
610,0.0,1,
611,0.0,1,
612,45.0,2,
613,0.0,1,45.0,2,
614,45.0,1,
615,90.0,2,45.0,1,
616,90.0,3,45.0,1,
617,90.0,1,45.0,3,
618,45.0,1,
619,0.0,1,45.0,3,
620,45.0,1,
621,45.0,1,
622,0.0,1,
2701,45.0,1,
2702,45.0,1,
2703,45.0,2,
2704,90.0,1,
2705,90.0,1,
2706,45.0,1,
2707,90.0,1,
2708,45.0,1,
2712,45.0,1,
2715,90.0,2,
2717,90.0,1,
2719,45.0,1,
2720,45.0,2,
700,0.0,2,45.0,1,
701,45.0,3,
702,45.0,1,
703,45.0,4,
704,90.0,1,
706,90.0,1,45.0,3,
707,45.0,1,
708,45.0,4,
709,45.0,1,
710,45.0,1,
711,0.0,1,
712,45.0,3,
713,0.0,1,45.0,2,
714,45.0,2,
715,45.0,2,
716,90.0,1,
717,90.0,1,45.0,2,
718,90.0,1,
719,0.0,1,45.0,1,
720,45.0,3,
721,45.0,1,
722,45.0,1,
2801,45.0,1,
2803,90.0,1,
2804,90.0,2,
2805,90.0,2,
2806,90.0,1,
2807,45.0,1,
2808,45.0,1,
2812,45.0,1,
2815,45.0,2,
2816,90.0,2,
2817,90.0,1,
2818,90.0,1,
2819,90.0,1,
2820,45.0,1,
800,0.0,2,45.0,3,
801,45.0,1,
802,0.0,1,45.0,1,
803,45.0,4,
806,0.0,1,45.0,3,
807,0.0,1,
808,0.0,1,45.0,2,
809,45.0,2,
810,0.0,1,
811,0.0,1,
812,45.0,3,
813,0.0,1,45.0,2,
814,45.0,2,
815,45.0,1,
816,45.0,1,
817,45.0,2,
818,45.0,1,
819,45.0,2,
820,45.0,4,
822,0.0,1,45.0,1,
2901,45.0,1,
2908,45.0,1,
2912,45.0,1,
2920,45.0,1,
900,0.0,2,45.0,3,
901,45.0,1,
902,0.0,2,45.0,1,
903,45.0,2,
904,90.0,1,
905,90.0,1,
906,0.0,1,45.0,2,
907,45.0,1,
908,0.0,2,45.0,1,
909,45.0,3,
910,0.0,1,
911,45.0,2,
912,45.0,2,
913,0.0,2,45.0,1,
914,45.0,2,
915,0.0,1,90.0,1,45.0,1,
916,90.0,1,
917,45.0,2,
918,45.0,2,
919,0.0,1,45.0,1,
920,0.0,1,45.0,3,
922,0.0,1,45.0,1,
3001,45.0,1,
3008,45.0,1,
3012,45.0,1,
3019,45.0,1,
1000,0.0,2,45.0,3,
1001,45.0,1,
1002,0.0,2,45.0,2,
1003,45.0,2,
1006,0.0,1,45.0,1,
1007,45.0,3,
1008,0.0,2,
1009,45.0,4,
1010,0.0,1,
1011,0.0,1,45.0,1,
1012,45.0,2,
1013,0.0,2,45.0,2,
1014,45.0,1,
1015,0.0,1,90.0,1,45.0,1,
1017,0.0,1,90.0,1,
1018,45.0,2,
1019,0.0,1,45.0,1,
1020,0.0,1,45.0,3,
1022,0.0,1,45.0,1,
3101,45.0,1,
3108,45.0,1,
3113,45.0,1,
3119,45.0,1,
1100,0.0,2,45.0,4,
1102,0.0,1,45.0,4,
1103,45.0,2,
1106,0.0,1,45.0,1,
1107,0.0,1,45.0,3,
1108,0.0,1,
1109,45.0,3,
1110,0.0,1,45.0,1,
1111,0.0,1,45.0,1,
1112,45.0,2,
1113,0.0,2,45.0,2,
1114,45.0,2,
1115,45.0,2,
1117,0.0,1,45.0,1,
1118,45.0,2,
1119,0.0,1,
1120,45.0,5,
1122,0.0,1,45.0,1,
3202,45.0,1,
3207,45.0,1,
3213,90.0,1,
3219,45.0,1,
1200,0.0,2,45.0,4,
1202,0.0,1,45.0,3,
1203,45.0,2,
1206,0.0,1,45.0,1,
1207,45.0,4,
1208,0.0,1,
1209,45.0,3,
1210,0.0,1,45.0,1,
1211,0.0,1,45.0,1,
1212,45.0,3,
1213,0.0,2,45.0,1,
1214,45.0,2,
1215,45.0,2,
1217,45.0,1,
1218,45.0,3,
1219,0.0,1,
1220,45.0,5,
1222,45.0,2,
3302,45.0,1,
3307,45.0,1,
3313,45.0,1,
3318,45.0,1,
3319,45.0,1,
1300,0.0,2,45.0,4,
1302,0.0,1,45.0,3,
1303,45.0,2,
1306,0.0,1,45.0,1,
1307,45.0,4,
1308,0.0,1,
1309,45.0,3,
1310,0.0,1,45.0,1,
1311,0.0,1,45.0,1,
1312,45.0,3,
1313,0.0,1,45.0,3,
1314,45.0,1,
1315,45.0,1,
1316,45.0,1,
1317,0.0,1,
1318,45.0,3,
1319,0.0,1,45.0,1,
1320,45.0,4,
1322,0.0,1,45.0,1,
3402,90.0,1,
3407,90.0,1,
3414,90.0,1,
3418,45.0,1,
1400,45.0,6,
1401,45.0,1,
1402,45.0,5,
1403,45.0,2,
1404,63.0,1,
1406,90.0,1,45.0,1,
1407,45.0,4,
1408,45.0,1,
1409,0.0,1,45.0,3,
1410,45.0,1,
1411,0.0,1,45.0,1,
1412,45.0,3,
1413,0.0,1,45.0,2,
1414,45.0,2,
1415,45.0,1,
1416,45.0,1,
1417,45.0,2,
1418,45.0,4,
1419,0.0,1,45.0,1,
1420,45.0,4,
1422,0.0,1,45.0,1,
3503,90.0,1,
3506,90.0,1,
3514,90.0,1,
3515,45.0,1,
3517,45.0,1,
3518,90.0,1,
1500,45.0,5,
1501,0.0,1,
1502,45.0,4,
1503,45.0,1,
1504,45.0,1,
1505,90.0,1,45.0,1,
1506,45.0,1,
1507,45.0,4,
1508,0.0,1,
1509,45.0,4,
1510,45.0,1,
1511,0.0,1,45.0,1,
1512,45.0,3,
1513,0.0,1,45.0,1,
1514,45.0,2,63.0,1,
1515,45.0,1,
1516,45.0,1,
1517,90.0,1,45.0,1,
1518,90.0,1,45.0,3,
1519,45.0,1,
1520,45.0,4,
1522,0.0,1,45.0,1,
3603,45.0,1,
3604,90.0,1,
3605,90.0,1,
3606,45.0,1,
3615,90.0,1,
3616,90.0,1,
3617,90.0,1,
1600,45.0,5,
1601,45.0,2,
1602,45.0,4,
1603,90.0,1,
1604,76.0,1,
1605,-72.0,1,
1606,45.0,1,
1607,45.0,3,
1608,45.0,1,
1609,45.0,4,
1610,45.0,1,
1611,0.0,1,45.0,1,
1612,45.0,3,
1614,90.0,1,45.0,4,
1615,90.0,1,45.0,1,
1616,-72.0,1,
1618,45.0,3,
1619,45.0,1,
1620,45.0,4,
1621,45.0,1,
1622,45.0,1,
1700,45.0,4,
1701,45.0,1,
1702,45.0,4,
1703,45.0,1,
1706,45.0,2,
1707,45.0,2,
1708,90.0,1,45.0,1,
1709,45.0,3,
1710,45.0,1,
1711,45.0,2,
1712,45.0,3,
1714,45.0,4,
1715,45.0,1,
1718,45.0,3,
1719,0.0,1,
1720,45.0,4,
1721,45.0,1,
1722,45.0,1,
1800,45.0,4,
1801,45.0,1,
1802,90.0,1,45.0,1,
1803,90.0,1,45.0,3,
1806,45.0,2,
1807,90.0,1,45.0,3,
1808,45.0,2,
1809,45.0,2,
1810,45.0,1,
1811,45.0,1,
1812,45.0,3,
1813,45.0,1,
1814,45.0,3,
1815,72.0,1,45.0,1,
1817,45.0,1,
1818,45.0,3,
1819,45.0,1,
1820,-72.0,1,45.0,3,
1822,45.0,1,
1900,45.0,4,
1901,45.0,1,
1902,45.0,2,
1903,90.0,3,45.0,1,
1904,72.0,1,
1905,90.0,1,45.0,1,
1906,90.0,2,45.0,1,
1907,90.0,1,45.0,3,
1908,45.0,1,
1909,45.0,3,
1911,45.0,1,
1912,90.0,1,45.0,2,
1913,45.0,2,
1914,45.0,2,
1915,45.0,3,
1916,72.0,1,
1917,90.0,2,45.0,1,
1918,90.0,2,45.0,1,
1919,-72.0,1,45.0,1,
1920,45.0,3,
1922,45.0,1,
2000,45.0,2,
2001,45.0,2,
2002,72.0,1,45.0,1,
2003,45.0,1,
2004,90.0,2,
2005,90.0,2,
2006,90.0,1,45.0,1,
2007,45.0,2,
2008,45.0,2,
2009,45.0,2,
2011,45.0,1,
2012,45.0,2,
2013,72.0,1,45.0,1,
2014,45.0,1,
2015,90.0,2,
2016,90.0,2,45.0,1,
2017,90.0,2,
2018,45.0,1,
2019,90.0,1,45.0,1,
2020,45.0,2,
2022,45.0,1,
