512,90.0,2,63.0,1,
513,90.0,2,45.0,3,63.0,1,
915,45.0,1,
515,45.0,1,63.0,1,
517,45.0,2,
518,0.0,1,27.0,1,45.0,1,
7,-72.0,1,90.0,3,45.0,1,
8,90.0,6,
9,-63.0,1,90.0,5,
10,-63.0,1,90.0,5,
11,90.0,5,76.0,1,
12,72.0,2,90.0,2,76.0,1,63.0,1,
13,72.0,1,90.0,3,45.0,1,63.0,1,
14,72.0,1,45.0,3,
15,45.0,1,
921,0.0,2,
2609,63.0,1,
1808,45.0,1,
2015,90.0,2,
1712,90.0,1,
717,45.0,1,
6,90.0,1,45.0,2,
1201,0.0,4,
514,56.0,1,72.0,1,90.0,1,45.0,1,
2013,90.0,1,
519,45.0,2,
1117,0.0,3,
2608,90.0,1,
520,45.0,1,
2610,90.0,1,
1203,0.0,5,27.0,1,
2612,90.0,1,
1118,0.0,2,
2102,45.0,2,
2103,45.0,3,
2104,45.0,2,63.0,1,
2105,90.0,1,
2106,45.0,1,
2107,72.0,1,45.0,1,
2108,72.0,1,90.0,1,63.0,1,
2314,-72.0,1,90.0,2,45.0,1,
2110,90.0,3,
2111,90.0,3,
2116,90.0,2,45.0,1,
1601,0.0,1,27.0,2,45.0,2,
1602,27.0,1,
1603,0.0,1,
1604,0.0,1,45.0,3,
2117,45.0,2,
1606,56.0,1,
1607,45.0,1,
1100,0.0,2,
1101,0.0,4,
1614,-63.0,1,
1103,0.0,4,-45.0,1,45.0,1,
1616,45.0,3,
1903,45.0,2,
1618,0.0,2,45.0,1,
1619,0.0,1,45.0,1,
1621,0.0,1,45.0,1,
601,-45.0,1,45.0,3,
602,0.0,3,45.0,2,
1116,0.0,1,
605,90.0,1,45.0,3,
606,-63.0,2,90.0,1,45.0,2,
1119,0.0,4,
1121,0.0,2,
613,72.0,1,
614,90.0,2,45.0,1,63.0,1,
615,45.0,3,63.0,1,
616,56.0,1,
105,-72.0,2,90.0,1,45.0,1,
618,0.0,1,45.0,1,
107,90.0,2,45.0,1,
620,27.0,1,45.0,1,
113,90.0,2,
114,72.0,1,90.0,3,63.0,1,
115,90.0,1,45.0,1,63.0,2,
116,72.0,1,45.0,1,
617,45.0,1,
106,-72.0,1,-63.0,1,90.0,4,
1301,0.0,3,27.0,1,
1216,27.0,1,
619,27.0,1,45.0,2,
705,-63.0,1,45.0,4,
1815,-63.0,1,45.0,1,
2613,-63.0,1,
2413,90.0,1,
1816,45.0,1,
2414,-72.0,1,
2203,45.0,2,
2204,90.0,1,
2205,90.0,2,63.0,1,
2206,72.0,1,45.0,1,
2416,90.0,1,
1701,0.0,1,27.0,1,45.0,3,
1702,0.0,1,45.0,2,
2215,-63.0,2,45.0,1,
1704,45.0,3,
1705,90.0,1,45.0,1,63.0,1,
1706,63.0,1,
1707,90.0,1,
1708,90.0,1,
1709,90.0,1,
1710,90.0,1,
1711,90.0,1,
1200,0.0,2,
1713,90.0,1,
1715,45.0,3,
1716,-63.0,1,
1717,45.0,3,
1718,0.0,2,45.0,3,
1719,45.0,1,
1720,-45.0,1,
1721,0.0,1,
701,0.0,1,-45.0,2,45.0,2,
702,0.0,1,
704,45.0,4,
1217,0.0,2,-45.0,1,
1218,0.0,1,
1219,0.0,5,
1221,0.0,2,
716,45.0,3,
714,45.0,1,
715,45.0,3,
204,-63.0,2,90.0,2,45.0,1,
205,-72.0,1,90.0,2,45.0,1,
718,0.0,1,45.0,1,
719,45.0,2,
720,0.0,1,45.0,1,
1912,90.0,3,
2317,45.0,1,
214,45.0,1,
1913,90.0,4,
216,56.0,1,90.0,1,45.0,1,
1316,0.0,2,
218,45.0,1,
1914,90.0,1,45.0,1,
805,45.0,2,
1915,45.0,1,
721,0.0,1,
1404,27.0,1,45.0,1,
206,45.0,1,
2515,90.0,1,
1321,0.0,2,
2516,45.0,1,
2304,63.0,2,
2305,45.0,1,
2306,90.0,1,63.0,1,
2307,72.0,1,90.0,1,45.0,1,
2308,72.0,1,90.0,1,
2309,90.0,1,
2310,45.0,1,
503,45.0,1,
2312,90.0,2,
1801,45.0,3,
1802,45.0,3,
215,56.0,1,45.0,2,63.0,1,
1804,45.0,1,
1805,45.0,3,
1806,90.0,1,45.0,1,63.0,1,
1807,56.0,1,45.0,1,
1703,45.0,1,
1300,0.0,2,
1813,45.0,2,
1814,-63.0,3,90.0,1,
1303,0.0,5,45.0,1,
1304,0.0,1,45.0,1,
1817,45.0,2,
1818,-45.0,1,45.0,2,
815,45.0,2,
1820,0.0,1,45.0,1,
706,90.0,1,
801,0.0,5,45.0,1,
803,45.0,1,
804,0.0,1,45.0,4,
1317,0.0,1,45.0,2,
1318,0.0,2,
1319,0.0,3,-45.0,1,45.0,1,
2012,-72.0,1,
2218,45.0,1,
303,90.0,1,45.0,4,
816,0.0,1,45.0,3,
904,-45.0,1,45.0,3,
818,0.0,1,45.0,1,
819,0.0,2,45.0,1,
820,0.0,1,
821,27.0,1,
1018,0.0,2,45.0,1,
1417,0.0,1,
1004,0.0,1,45.0,1,
607,-63.0,1,45.0,1,
315,45.0,1,
316,45.0,1,63.0,2,
317,90.0,1,45.0,2,
1613,45.0,1,
1104,45.0,1,
2607,45.0,1,
505,45.0,1,
2614,90.0,1,
1505,45.0,1,
1421,0.0,2,
817,45.0,3,
318,45.0,2,
2611,90.0,1,
2313,90.0,3,
217,56.0,1,45.0,1,
2405,63.0,2,
2406,90.0,1,
2407,90.0,1,
2408,90.0,1,45.0,1,
2409,90.0,2,
2410,90.0,3,
2411,90.0,3,
2412,90.0,2,45.0,1,
1901,45.0,2,
1902,0.0,1,45.0,4,
2109,90.0,3,
1904,56.0,1,
1905,45.0,2,63.0,1,
1906,45.0,2,63.0,1,
1907,90.0,1,63.0,1,
1908,90.0,2,63.0,1,
1909,72.0,1,90.0,1,
1910,72.0,1,90.0,1,
1911,90.0,2,45.0,1,
1400,0.0,1,45.0,1,
1401,0.0,2,27.0,2,45.0,1,
1615,0.0,1,45.0,3,
1403,0.0,3,45.0,1,
1916,-56.0,1,90.0,1,
1917,45.0,3,
1918,45.0,3,
1919,-45.0,1,
1920,0.0,1,
2112,-72.0,1,90.0,1,
1515,45.0,1,
901,0.0,5,-45.0,1,
903,0.0,3,45.0,1,
1416,0.0,2,45.0,1,
2315,-72.0,1,-63.0,1,
1418,0.0,3,
1419,0.0,2,-45.0,1,45.0,1,
2114,90.0,1,45.0,1,
2417,90.0,1,
402,45.0,4,
403,45.0,6,
916,45.0,3,
917,0.0,1,45.0,2,
918,0.0,1,45.0,1,
919,0.0,3,
408,90.0,2,45.0,2,
409,90.0,5,
410,90.0,5,
411,90.0,4,45.0,1,
412,72.0,1,90.0,2,
413,90.0,1,45.0,1,63.0,1,
1605,45.0,2,
416,45.0,1,
417,45.0,4,
418,45.0,3,
419,56.0,1,45.0,1,
2118,45.0,1,
1521,0.0,1,-45.0,1,
2019,45.0,2,
1803,45.0,1,
2119,45.0,1,
2219,45.0,1,
304,90.0,2,45.0,2,
509,-63.0,1,45.0,1,
407,90.0,1,45.0,1,
2506,90.0,1,63.0,1,
2507,90.0,1,76.0,1,
2508,90.0,1,
2509,90.0,1,
2510,90.0,1,
2511,90.0,1,
2512,90.0,1,
2513,90.0,1,
2002,0.0,1,45.0,1,
2003,45.0,3,
2004,90.0,1,
2005,63.0,1,
2006,90.0,3,
2007,90.0,1,76.0,1,
2008,90.0,1,
2009,90.0,1,
2010,90.0,1,
2011,90.0,2,
1500,45.0,1,
1501,0.0,4,45.0,2,
2014,90.0,1,45.0,1,
1503,0.0,1,45.0,2,
1504,45.0,3,
2017,45.0,3,
2018,45.0,1,
507,-72.0,1,-63.0,1,90.0,2,45.0,1,
2020,45.0,1,
2214,45.0,1,
2113,-72.0,1,90.0,1,
1617,45.0,1,
1000,45.0,2,
1001,0.0,5,45.0,1,
1003,0.0,2,-45.0,1,45.0,2,
1516,-45.0,1,45.0,2,
1518,0.0,1,-45.0,1,45.0,1,
1519,0.0,1,45.0,2,
2216,-72.0,1,90.0,1,
2318,90.0,1,
502,0.0,3,-45.0,1,45.0,2,
2217,90.0,1,
1016,0.0,1,45.0,1,
1017,0.0,1,45.0,1,
506,-56.0,1,90.0,2,45.0,1,
1019,0.0,3,
508,-72.0,1,90.0,3,
1021,0.0,2,
510,90.0,1,
511,90.0,2,
