1,45.0,3,
2,-72.0,1,-63.0,3,90.0,1,45.0,1,
3,-72.0,1,-63.0,1,90.0,3,-76.0,1,
4,-72.0,1,90.0,5,
5,90.0,5,76.0,1,
6,72.0,2,63.0,4,
7,56.0,1,0.0,1,45.0,3,63.0,1,
8,45.0,1,
2101,45.0,2,
2102,45.0,2,
2105,63.0,1,
2106,56.0,1,63.0,2,
2107,72.0,1,63.0,2,
2108,90.0,1,45.0,2,
2113,45.0,1,
2114,90.0,1,45.0,1,
2115,90.0,2,
2116,90.0,1,45.0,1,
2117,-72.0,1,
2118,-72.0,1,
2119,0.0,1,90.0,1,
2120,-45.0,1,45.0,1,
100,0.0,2,45.0,2,
101,-63.0,1,-45.0,1,45.0,4,
106,45.0,2,-27.0,1,
107,0.0,4,-45.0,1,-27.0,1,
108,45.0,1,
111,-72.0,1,45.0,1,
112,90.0,2,-76.0,1,45.0,2,
113,-72.0,1,-63.0,2,90.0,2,-76.0,1,
114,-72.0,1,90.0,5,
115,-72.0,1,90.0,5,
116,90.0,5,76.0,1,
117,72.0,2,56.0,1,90.0,2,63.0,1,
118,90.0,2,63.0,1,
119,72.0,1,63.0,1,
120,45.0,1,
2202,90.0,1,45.0,1,
2203,90.0,1,45.0,1,
2208,90.0,2,45.0,1,
2209,72.0,1,90.0,1,63.0,1,
2210,90.0,3,
2211,72.0,1,90.0,2,
2212,90.0,3,
2213,-63.0,1,90.0,2,
2214,90.0,2,
2215,-72.0,1,
2216,90.0,1,
2218,45.0,1,
2219,45.0,2,
200,0.0,1,-45.0,4,-34.0,1,
203,-63.0,1,45.0,2,
204,-72.0,1,90.0,4,45.0,1,
205,72.0,2,76.0,1,63.0,1,
206,-56.0,1,0.0,1,90.0,2,-45.0,2,
207,0.0,1,-45.0,1,45.0,1,
209,45.0,1,
210,90.0,1,45.0,3,
211,-63.0,3,90.0,1,45.0,2,
212,-63.0,1,90.0,2,45.0,1,
213,45.0,1,
217,45.0,2,
218,45.0,3,63.0,1,
219,45.0,3,
220,56.0,1,45.0,1,
221,45.0,2,
2303,45.0,2,
2304,63.0,2,
2305,90.0,1,45.0,1,
2317,-63.0,1,45.0,1,
2318,90.0,2,
300,0.0,4,-45.0,1,-27.0,1,
302,0.0,2,
303,0.0,3,-45.0,1,45.0,2,
304,90.0,1,45.0,2,
305,90.0,2,
306,90.0,2,45.0,1,
307,45.0,1,
308,45.0,2,
309,0.0,1,-45.0,1,45.0,3,
310,-63.0,1,45.0,3,
311,45.0,1,
312,45.0,1,
313,90.0,1,-76.0,1,
314,90.0,2,-76.0,1,
315,72.0,1,-63.0,1,63.0,1,
316,90.0,2,45.0,1,63.0,1,
317,45.0,1,63.0,1,
318,45.0,1,
319,45.0,2,31.0,1,
320,34.0,1,45.0,1,
321,0.0,1,45.0,1,
322,0.0,1,27.0,1,
2405,90.0,1,45.0,1,
2406,90.0,1,63.0,1,
2407,90.0,1,63.0,1,
2408,90.0,1,
2413,90.0,1,
2414,90.0,1,
2415,90.0,2,
2416,90.0,2,
2417,90.0,1,
400,0.0,5,14.0,1,
402,0.0,4,
403,0.0,3,18.0,1,45.0,1,
407,90.0,2,
408,-63.0,1,45.0,4,
409,90.0,1,45.0,3,
410,45.0,1,
411,-56.0,1,90.0,1,
412,-72.0,1,-63.0,1,45.0,2,
413,-63.0,1,90.0,3,45.0,1,
414,-72.0,1,90.0,2,45.0,1,
415,-72.0,1,90.0,1,63.0,1,
416,45.0,4,63.0,1,
417,0.0,1,90.0,1,37.0,1,
418,56.0,1,45.0,1,
419,0.0,1,45.0,2,
420,0.0,1,27.0,2,14.0,1,
421,45.0,1,
422,34.0,1,18.0,1,
2508,90.0,1,
2509,90.0,2,
2510,90.0,2,
2511,90.0,2,
2512,90.0,2,
2513,90.0,1,45.0,1,
2514,90.0,1,
500,0.0,2,22.0,1,27.0,1,45.0,1,14.0,1,
502,0.0,1,45.0,1,
503,56.0,1,0.0,1,34.0,1,45.0,1,63.0,1,
504,72.0,1,76.0,1,45.0,1,63.0,1,
505,90.0,2,-76.0,1,
506,-63.0,3,90.0,1,
507,-63.0,2,45.0,3,
508,90.0,2,45.0,1,
509,90.0,1,
510,45.0,2,
511,45.0,5,
512,90.0,1,45.0,3,
513,45.0,1,
516,45.0,1,
517,18.0,1,45.0,3,
518,0.0,1,
519,18.0,1,27.0,1,
520,0.0,2,27.0,1,
521,0.0,1,45.0,1,
522,0.0,2,
523,0.0,1,
600,0.0,1,27.0,2,45.0,3,
601,34.0,1,27.0,1,45.0,1,
603,45.0,1,63.0,1,
604,90.0,3,
605,90.0,3,
606,-63.0,1,90.0,2,
607,90.0,1,45.0,1,
608,-56.0,1,90.0,1,
609,90.0,2,45.0,1,
610,-63.0,1,90.0,1,45.0,2,
611,45.0,3,
617,0.0,2,-27.0,1,
618,0.0,2,
619,0.0,2,
620,0.0,1,-14.0,1,
621,0.0,2,
622,0.0,1,
623,0.0,1,
700,45.0,2,
701,90.0,1,37.0,1,45.0,3,
702,56.0,1,45.0,1,63.0,2,
703,72.0,1,90.0,1,76.0,1,
704,90.0,2,45.0,1,
705,90.0,2,
706,-72.0,1,90.0,1,-76.0,1,
707,-72.0,2,-63.0,1,
708,90.0,2,45.0,2,
709,-63.0,2,45.0,1,
710,45.0,3,
716,-45.0,1,
717,0.0,1,-45.0,1,45.0,1,
718,0.0,1,45.0,1,
719,0.0,2,-27.0,1,
720,0.0,2,-27.0,1,
721,0.0,1,
722,0.0,2,
723,0.0,1,
801,45.0,2,
802,63.0,1,
803,72.0,1,
804,90.0,2,
805,90.0,2,
806,90.0,1,
807,-72.0,1,90.0,1,45.0,1,
808,-63.0,1,90.0,2,
809,45.0,1,
814,90.0,1,
815,-72.0,1,-63.0,1,
816,-63.0,1,45.0,2,
817,-45.0,1,45.0,2,
818,0.0,1,45.0,2,
819,0.0,1,-37.0,1,45.0,1,
820,0.0,1,-45.0,1,
821,0.0,1,45.0,1,
822,0.0,1,-34.0,1,
902,63.0,2,
903,63.0,2,
904,90.0,2,
905,90.0,2,
906,-63.0,1,90.0,1,
907,90.0,1,45.0,1,
912,90.0,1,
913,90.0,1,-76.0,1,
914,90.0,2,45.0,1,
915,90.0,1,45.0,1,
916,-72.0,1,90.0,1,45.0,1,
917,-56.0,1,0.0,1,90.0,1,45.0,1,
918,-72.0,1,90.0,1,45.0,1,
919,45.0,2,
920,-63.0,1,-45.0,2,
921,45.0,2,
922,0.0,1,
1012,0.0,1,
1013,0.0,1,
1014,0.0,1,90.0,1,
1015,90.0,2,45.0,1,
1016,90.0,2,45.0,1,
1017,45.0,2,
1018,56.0,1,90.0,1,
1019,0.0,1,45.0,2,
1020,0.0,1,-63.0,1,45.0,2,
1021,45.0,1,
1112,45.0,1,
1113,72.0,1,90.0,2,76.0,1,
1114,72.0,1,0.0,1,90.0,2,63.0,2,
1115,56.0,1,90.0,1,63.0,2,
1116,45.0,1,63.0,1,
1117,45.0,1,
1118,90.0,1,45.0,1,
1119,56.0,1,45.0,4,
1120,90.0,1,45.0,1,63.0,1,
1121,45.0,1,
1213,0.0,2,
1214,45.0,1,
1215,90.0,1,45.0,1,
1216,72.0,1,45.0,2,
1217,45.0,5,
1218,-63.0,1,45.0,2,
1219,34.0,1,
1220,27.0,1,45.0,1,
1221,45.0,2,
1222,27.0,1,
1313,27.0,1,45.0,1,
1314,45.0,1,
1316,0.0,1,
1317,27.0,2,63.0,1,
1318,45.0,3,63.0,2,
1319,90.0,1,27.0,1,45.0,1,
1320,0.0,1,14.0,1,
1321,0.0,1,
1322,27.0,2,
1401,0.0,1,45.0,1,
1402,56.0,1,53.0,1,63.0,1,
1413,45.0,1,
1414,90.0,2,
1415,90.0,1,45.0,1,
1416,45.0,2,
1417,45.0,1,
1418,0.0,1,45.0,1,
1419,0.0,1,34.0,1,27.0,1,45.0,1,
1420,0.0,1,45.0,1,
1421,0.0,1,
1422,0.0,1,45.0,1,
1500,-45.0,1,45.0,2,
1501,45.0,3,
1502,90.0,1,
1503,45.0,3,
1504,45.0,3,
1516,45.0,3,
1517,-45.0,1,45.0,2,-27.0,1,
1518,0.0,1,
1519,0.0,1,27.0,1,
1520,27.0,2,45.0,1,-18.0,1,
1521,0.0,1,
1522,0.0,1,
1523,0.0,1,
1600,34.0,2,27.0,1,
1601,45.0,3,
1602,90.0,1,
1603,45.0,1,
1604,45.0,2,63.0,1,
1605,56.0,1,45.0,1,53.0,1,
1606,45.0,3,
1615,45.0,1,
1616,90.0,1,45.0,1,
1617,27.0,1,45.0,2,
1618,45.0,1,
1619,-45.0,1,45.0,1,-18.0,1,
1620,0.0,2,-27.0,1,45.0,1,
1621,45.0,1,
1622,0.0,1,
1623,0.0,1,
1700,0.0,1,
1701,45.0,3,
1702,56.0,1,90.0,1,45.0,1,63.0,1,
1704,45.0,1,
1705,90.0,1,
1706,72.0,1,45.0,1,63.0,1,
1707,72.0,1,76.0,1,63.0,1,
1708,72.0,1,76.0,1,63.0,1,
1709,90.0,2,45.0,1,
1710,90.0,1,
1711,90.0,1,
1712,90.0,2,
1713,90.0,1,-76.0,1,
1714,-72.0,1,90.0,1,
1715,-72.0,1,-63.0,1,90.0,1,
1716,-63.0,1,45.0,1,
1717,0.0,1,90.0,1,
1718,0.0,1,45.0,2,
1719,-45.0,1,45.0,1,-34.0,1,
1720,0.0,1,-45.0,1,
1721,0.0,1,45.0,1,
1722,0.0,2,
1723,0.0,1,
1800,45.0,1,
1801,45.0,3,
1802,45.0,4,63.0,1,
1803,56.0,1,53.0,1,45.0,2,63.0,1,
1804,45.0,2,63.0,1,
1805,45.0,1,
1806,56.0,1,
1807,90.0,1,
1809,90.0,1,
1810,90.0,2,
1811,90.0,2,
1812,90.0,1,45.0,1,
1813,-63.0,1,
1814,90.0,1,
1815,45.0,1,
1817,-72.0,1,0.0,1,-63.0,1,
1818,0.0,1,90.0,1,45.0,2,
1819,45.0,1,
1820,0.0,1,90.0,1,
1821,0.0,1,45.0,1,
1822,-27.0,1,
1900,0.0,1,45.0,1,
1901,45.0,2,
1902,56.0,1,
1903,45.0,3,
1904,90.0,4,45.0,1,
1905,72.0,1,63.0,2,
1906,72.0,1,63.0,2,
1907,90.0,3,
1908,72.0,1,
1909,72.0,1,
1910,90.0,1,
1911,72.0,1,
1912,-72.0,1,
1913,90.0,1,
1914,90.0,2,
1915,-72.0,1,90.0,2,
1916,-72.0,1,-63.0,1,90.0,1,
1917,0.0,2,-63.0,1,90.0,1,45.0,1,
1918,-63.0,1,45.0,1,
1919,90.0,1,
1920,-45.0,1,
1921,0.0,1,-45.0,1,
1922,45.0,1,
2000,45.0,2,
2001,45.0,2,
2003,63.0,1,
2004,56.0,1,45.0,2,
2005,45.0,1,63.0,2,
2007,90.0,3,
2008,72.0,1,90.0,1,76.0,1,
2009,90.0,1,76.0,1,63.0,1,
2010,90.0,3,
2011,90.0,2,-76.0,1,
2012,90.0,3,
2013,90.0,2,-76.0,1,
2014,-72.0,1,90.0,2,
2015,90.0,1,45.0,1,
2016,90.0,2,45.0,1,
2017,90.0,1,45.0,2,
2019,90.0,1,
2020,0.0,1,-63.0,1,-45.0,1,
2021,45.0,1,
