1807,56.0,1,45.0,1,
2015,-63.0,1,
514,18.0,1,45.0,2,
515,27.0,1,
516,0.0,1,18.0,1,27.0,2,45.0,1,
5,-72.0,2,-63.0,2,-60.0,1,45.0,1,
6,-63.0,1,-76.0,3,-82.0,1,-81.0,1,
7,81.0,1,90.0,2,76.0,2,74.0,1,
8,90.0,1,59.0,1,68.0,1,45.0,2,63.0,1,
9,0.0,1,45.0,1,
1111,0.0,1,90.0,1,45.0,1,
1018,90.0,2,
921,90.0,1,
505,0.0,1,27.0,1,45.0,1,
819,-82.0,1,
517,45.0,1,
603,45.0,1,
518,0.0,2,
308,90.0,1,
1116,0.0,1,90.0,2,45.0,1,
1913,-76.0,1,-67.0,1,
1006,90.0,2,
1117,90.0,3,-76.0,1,45.0,2,
1911,90.0,1,
2100,45.0,2,63.0,1,
606,90.0,2,63.0,1,
2104,90.0,1,-45.0,2,
1716,0.0,2,45.0,1,
607,90.0,3,
2108,72.0,2,90.0,1,
2314,-63.0,1,90.0,1,
1205,0.0,1,
2116,45.0,2,
608,-63.0,2,45.0,1,
2114,-63.0,1,
2115,0.0,1,45.0,1,
1604,0.0,4,-18.0,2,
1605,0.0,2,
1606,34.0,1,45.0,1,
1607,59.0,1,45.0,2,
1608,45.0,1,63.0,1,
616,0.0,3,-14.0,1,-27.0,1,
1221,-45.0,1,
1122,-45.0,1,-76.0,1,
1614,45.0,3,
1615,90.0,1,45.0,1,-27.0,1,
1104,0.0,3,90.0,1,
1617,0.0,1,-27.0,1,45.0,1,
1106,0.0,2,90.0,1,
804,45.0,2,
1112,0.0,2,90.0,1,-76.0,1,74.0,1,
1113,90.0,1,79.0,1,76.0,1,45.0,1,63.0,1,
1114,68.0,1,63.0,1,
1115,-63.0,1,45.0,3,63.0,1,
604,0.0,2,27.0,2,45.0,1,39.0,1,
605,45.0,4,
1118,90.0,1,-76.0,2,82.0,1,
1119,90.0,4,76.0,1,
1120,0.0,1,-72.0,1,90.0,1,76.0,1,79.0,1,
1121,0.0,1,90.0,1,79.0,1,
610,-56.0,2,90.0,1,45.0,2,
614,0.0,1,45.0,1,-18.0,1,
615,0.0,1,
104,0.0,3,45.0,3,
105,45.0,5,
618,0.0,2,
108,0.0,2,-45.0,1,-27.0,2,45.0,1,
109,0.0,2,
110,45.0,1,
111,90.0,3,-67.0,1,
112,-72.0,2,-76.0,2,-82.0,1,-81.0,1,
113,-79.0,1,90.0,3,76.0,2,
114,81.0,1,90.0,3,67.0,1,76.0,1,
115,72.0,1,76.0,1,45.0,1,79.0,1,
116,45.0,1,63.0,1,
617,0.0,1,
2101,56.0,1,45.0,1,63.0,1,
704,27.0,2,45.0,2,
705,56.0,1,67.0,1,45.0,1,63.0,1,
2412,90.0,1,45.0,1,
1218,81.0,1,27.0,1,
2413,-72.0,1,-76.0,1,
1304,0.0,4,90.0,2,
1219,81.0,1,
1902,63.0,1,
1305,0.0,1,90.0,2,
2200,45.0,2,
2201,90.0,1,45.0,1,63.0,1,
2202,72.0,1,90.0,1,76.0,1,
2203,90.0,2,-81.0,1,
2204,-72.0,1,
2205,90.0,1,45.0,1,
2206,45.0,1,
2501,90.0,1,
2208,90.0,2,45.0,1,
2209,81.0,1,90.0,1,76.0,1,
2210,81.0,1,90.0,2,
2211,90.0,1,-76.0,1,-81.0,1,
1700,90.0,1,45.0,2,
1701,50.0,1,53.0,1,63.0,1,
1702,45.0,2,
2215,45.0,2,
1704,0.0,3,-45.0,3,
1705,0.0,2,
1706,45.0,2,
1707,90.0,1,45.0,1,
1708,56.0,1,67.0,1,63.0,1,
1709,72.0,1,82.0,1,68.0,1,
1710,90.0,2,
1711,-82.0,1,
1712,-72.0,1,90.0,1,
1713,-79.0,1,90.0,2,
1714,-72.0,1,0.0,2,-68.0,1,45.0,1,
1715,0.0,1,-45.0,1,45.0,1,
1204,0.0,4,
1717,0.0,1,-45.0,1,-27.0,1,
1206,0.0,3,
1211,0.0,2,
1212,63.0,1,
1213,72.0,1,45.0,1,
1214,-63.0,1,90.0,1,45.0,2,
1215,45.0,4,
1216,0.0,2,34.0,1,45.0,1,
1217,0.0,1,34.0,1,90.0,1,
706,72.0,1,90.0,3,68.0,1,
707,90.0,1,45.0,1,-82.0,1,
708,-79.0,1,90.0,1,-68.0,1,
709,-72.0,1,-63.0,2,45.0,2,
710,45.0,2,
716,0.0,2,-27.0,1,45.0,1,
714,0.0,2,-45.0,1,
715,-45.0,2,-27.0,1,
204,0.0,1,-45.0,4,-34.0,1,
717,0.0,1,-27.0,1,
206,90.0,1,45.0,2,-74.0,1,
207,81.0,1,90.0,2,45.0,1,-79.0,1,
208,0.0,3,-79.0,1,90.0,1,-45.0,1,
209,45.0,1,
210,-56.0,1,-63.0,1,90.0,2,
211,-63.0,3,-53.0,2,
212,45.0,1,
718,45.0,1,-27.0,1,
214,63.0,2,
215,90.0,1,45.0,2,63.0,1,
216,45.0,2,63.0,1,
217,45.0,2,
805,56.0,1,45.0,1,
2000,37.0,1,
1318,0.0,1,90.0,1,18.0,1,
1916,0.0,1,-45.0,1,45.0,3,
1413,45.0,1,63.0,1,
1320,0.0,2,
2300,45.0,2,
2302,90.0,1,
2303,45.0,1,
2305,-45.0,2,
2306,56.0,1,45.0,1,
1703,45.0,1,
1800,27.0,1,45.0,2,31.0,1,
1801,63.0,1,
1802,81.0,1,76.0,1,63.0,1,
1803,-79.0,1,90.0,2,
1804,0.0,2,-45.0,1,45.0,2,
1805,-45.0,1,45.0,1,
1806,0.0,1,90.0,1,27.0,1,76.0,1,53.0,1,
813,-59.0,1,
1808,63.0,1,
1809,45.0,1,
1810,76.0,1,
1811,90.0,2,
1812,90.0,1,-76.0,1,
1813,90.0,2,
1814,0.0,2,-72.0,1,-59.0,1,
1815,-56.0,1,
1816,0.0,2,-63.0,2,-45.0,1,
1817,45.0,3,
1306,0.0,3,
303,0.0,1,
1311,0.0,2,
816,0.0,3,45.0,1,
1314,51.0,1,90.0,1,27.0,1,45.0,1,
1315,45.0,2,63.0,1,
1316,18.0,1,27.0,2,76.0,1,45.0,1,63.0,1,
1317,0.0,1,90.0,1,76.0,1,45.0,1,
806,81.0,1,45.0,1,
807,90.0,2,
808,-72.0,1,90.0,2,
809,-63.0,2,
1415,34.0,1,27.0,1,45.0,1,
812,90.0,1,
818,90.0,1,45.0,1,
814,-72.0,1,90.0,1,-45.0,2,45.0,1,
815,0.0,1,-63.0,1,-45.0,1,45.0,1,
304,0.0,6,
817,-45.0,3,
306,0.0,1,-56.0,1,-45.0,1,-76.0,2,
307,90.0,2,
820,90.0,2,
821,-79.0,1,90.0,1,
822,90.0,2,
905,56.0,1,63.0,1,
312,-74.0,1,
313,74.0,1,-76.0,2,90.0,1,
314,90.0,2,
315,0.0,1,90.0,1,45.0,2,63.0,1,
316,34.0,1,37.0,1,
317,27.0,2,
510,90.0,1,45.0,3,
309,-45.0,1,45.0,3,
2016,-45.0,2,
1417,45.0,2,
1419,90.0,1,76.0,1,
310,45.0,5,
1505,0.0,2,
1420,90.0,2,
311,45.0,1,
318,0.0,1,
609,-56.0,1,45.0,1,
2105,45.0,1,
911,90.0,1,
915,-63.0,1,
2400,45.0,2,
2401,45.0,1,63.0,1,
2107,56.0,1,45.0,1,63.0,1,
2404,-72.0,1,90.0,1,
2405,45.0,2,
2406,90.0,1,
2407,76.0,1,63.0,1,
2408,90.0,1,
408,-59.0,1,
1900,56.0,1,45.0,2,63.0,1,
1901,68.0,1,45.0,2,63.0,1,
2414,45.0,1,
1903,45.0,1,
1904,0.0,2,-72.0,1,-45.0,1,
1905,-63.0,1,90.0,1,45.0,1,
1906,27.0,2,45.0,2,63.0,1,
1907,67.0,1,53.0,1,63.0,1,
1908,72.0,1,90.0,2,68.0,1,
1909,72.0,1,
1910,90.0,1,
1613,-72.0,1,
1912,90.0,1,-81.0,1,
916,0.0,2,-63.0,1,-45.0,1,-72.0,1,-81.0,1,
1914,0.0,1,90.0,2,-45.0,1,45.0,1,
1915,-63.0,2,
1404,0.0,6,
1405,0.0,2,45.0,1,
1406,0.0,1,18.0,1,27.0,1,45.0,1,
405,0.0,2,-45.0,1,14.0,1,
2112,90.0,2,
2212,90.0,2,-81.0,1,
1412,76.0,2,
918,-79.0,1,90.0,1,-76.0,1,45.0,1,
1414,45.0,2,
906,90.0,2,
1416,0.0,2,27.0,1,
1004,0.0,1,90.0,1,45.0,1,
1418,0.0,2,90.0,2,
907,90.0,2,
908,-63.0,1,90.0,1,
1517,0.0,1,
1019,90.0,1,
912,0.0,1,-79.0,1,
913,-79.0,2,90.0,1,
914,-63.0,1,90.0,3,45.0,2,
403,0.0,2,
404,0.0,5,
917,90.0,1,76.0,1,-82.0,1,
406,18.0,2,
919,-79.0,1,90.0,1,-81.0,1,
920,0.0,1,90.0,3,
409,-56.0,1,-63.0,1,90.0,1,45.0,3,
410,45.0,3,
411,-63.0,1,45.0,5,
412,-63.0,1,-68.0,1,-76.0,2,-53.0,1,
922,0.0,2,
414,45.0,1,63.0,1,
415,45.0,4,63.0,1,
416,0.0,1,27.0,1,45.0,2,22.0,1,
417,0.0,1,27.0,1,
418,45.0,1,14.0,1,
1020,0.0,1,90.0,1,
413,90.0,1,76.0,2,45.0,1,
1220,0.0,2,81.0,1,
504,0.0,1,27.0,2,14.0,1,22.0,1,
1411,90.0,1,
1618,-45.0,1,
2509,90.0,2,
2502,90.0,2,
2503,90.0,2,
2504,90.0,1,45.0,1,
503,0.0,1,
2508,90.0,1,76.0,1,
305,-45.0,1,45.0,3,
2510,90.0,2,
2511,90.0,2,
2512,90.0,2,
2001,90.0,1,45.0,1,63.0,1,
2002,82.0,1,76.0,1,90.0,1,79.0,1,
2003,90.0,3,-82.0,1,
2004,0.0,2,-79.0,1,90.0,1,-76.0,1,
2005,90.0,1,-27.0,1,
2006,51.0,1,45.0,2,
2007,45.0,1,63.0,1,
2008,79.0,1,63.0,1,
2009,90.0,1,76.0,1,79.0,1,
2010,90.0,3,
2011,90.0,3,
2012,90.0,2,-76.0,1,
2013,-79.0,1,90.0,1,-76.0,1,45.0,1,
2014,-72.0,1,90.0,1,45.0,2,
2213,90.0,1,
1504,0.0,6,
1616,27.0,2,-34.0,1,
1506,0.0,1,18.0,1,45.0,1,31.0,1,
1507,0.0,1,34.0,1,
2113,-63.0,1,90.0,2,
1105,0.0,1,90.0,1,
2315,45.0,1,
1513,45.0,1,63.0,1,
1514,45.0,2,-34.0,1,
1515,27.0,1,45.0,2,
1516,0.0,1,27.0,1,45.0,1,-34.0,1,-27.0,1,
1005,90.0,3,
1518,0.0,1,-18.0,1,
1021,0.0,1,
1601,45.0,2,
1011,0.0,1,
1012,0.0,1,90.0,1,
1013,0.0,1,90.0,1,45.0,2,
1014,63.0,1,
1015,-72.0,1,45.0,3,63.0,1,
1016,0.0,2,34.0,1,59.0,1,90.0,1,50.0,1,
1017,0.0,1,18.0,1,90.0,1,45.0,1,
506,74.0,1,45.0,1,63.0,2,
507,90.0,2,45.0,1,-74.0,1,
508,-72.0,1,-63.0,1,90.0,1,-76.0,1,45.0,2,
509,45.0,6,
1022,0.0,2,
511,-56.0,2,-53.0,1,45.0,2,
