5,0.0,4,90.0,10,
6,0.0,1,90.0,21,
7,0.0,2,90.0,18,
8,0.0,3,90.0,4,
11,90.0,1,45.0,2,-81.0,1,
12,90.0,6,-76.0,2,45.0,2,-74.0,1,-81.0,1,
13,-72.0,2,-79.0,1,90.0,11,-76.0,4,-82.0,1,
14,-72.0,3,-63.0,1,90.0,12,-76.0,3,-79.0,2,
15,-72.0,1,90.0,20,45.0,1,
16,-79.0,1,90.0,20,-76.0,1,
17,90.0,22,
18,90.0,22,
19,90.0,22,
20,0.0,2,90.0,17,
21,90.0,13,
22,0.0,2,90.0,8,45.0,1,
23,0.0,2,90.0,4,
24,0.0,2,90.0,1,
25,0.0,1,
2100,0.0,1,27.0,1,45.0,8,
2101,72.0,1,90.0,2,45.0,4,63.0,2,
2102,72.0,1,68.0,2,90.0,2,76.0,1,45.0,1,
2103,90.0,6,63.0,1,
2104,90.0,5,-76.0,2,45.0,1,
2105,0.0,1,90.0,3,-68.0,1,45.0,5,
2106,90.0,2,-45.0,1,45.0,3,
2107,0.0,2,72.0,1,90.0,2,45.0,3,
2108,0.0,2,
2109,90.0,1,59.0,1,45.0,1,63.0,2,
2110,72.0,2,45.0,4,63.0,2,
2111,72.0,1,90.0,5,76.0,1,45.0,1,63.0,1,
2112,72.0,2,90.0,4,79.0,1,
2113,90.0,3,76.0,1,45.0,1,79.0,1,
2114,90.0,4,79.0,1,
2115,90.0,3,63.0,1,
2116,90.0,5,
2117,90.0,5,
2118,90.0,5,
2119,90.0,4,-76.0,1,
2120,0.0,2,90.0,4,
2121,0.0,1,90.0,4,
2122,0.0,3,90.0,2,-27.0,1,
2123,0.0,1,90.0,2,
2124,0.0,1,90.0,1,
2125,0.0,1,
105,0.0,13,45.0,1,
106,0.0,9,45.0,1,
107,0.0,13,
108,0.0,7,
109,-72.0,1,45.0,1,
110,-72.0,2,-79.0,1,90.0,5,45.0,2,-67.0,1,
111,-72.0,2,-79.0,2,90.0,11,-76.0,2,45.0,2,
112,-72.0,3,-63.0,1,90.0,6,-76.0,3,45.0,2,
113,90.0,6,45.0,2,
114,-63.0,1,45.0,2,
115,90.0,1,
119,0.0,2,45.0,1,
120,0.0,6,
121,0.0,2,
122,0.0,5,
123,0.0,3,
124,0.0,2,
125,0.0,1,
2200,45.0,8,
2201,72.0,1,90.0,1,45.0,1,63.0,4,
2202,90.0,2,45.0,1,63.0,2,
2203,90.0,3,76.0,1,
2204,-63.0,1,90.0,1,-76.0,1,
2205,90.0,2,45.0,5,
2206,0.0,1,-63.0,1,90.0,4,45.0,1,
2207,-45.0,1,45.0,6,
2208,0.0,1,56.0,1,45.0,1,63.0,2,
2210,63.0,2,45.0,2,79.0,1,
2211,72.0,1,90.0,3,63.0,2,79.0,1,
2212,90.0,3,76.0,1,63.0,1,
2213,90.0,5,
2214,90.0,2,76.0,1,63.0,1,
2215,90.0,5,
2216,90.0,5,
2217,90.0,5,
2218,90.0,5,
2219,90.0,5,
2220,0.0,2,90.0,3,
2221,0.0,1,90.0,1,
2222,0.0,2,90.0,1,
2223,0.0,2,
2224,0.0,1,
2225,0.0,1,
205,0.0,13,45.0,1,
206,0.0,9,45.0,1,
207,0.0,13,
208,0.0,7,-63.0,1,45.0,1,
209,-72.0,4,-63.0,1,90.0,5,45.0,3,
210,-72.0,2,-63.0,5,90.0,7,45.0,5,
211,-72.0,1,-63.0,2,90.0,4,45.0,3,
212,90.0,1,
213,45.0,1,
219,0.0,2,45.0,1,
220,0.0,6,
221,0.0,2,
222,0.0,5,
223,0.0,3,
224,0.0,2,
225,0.0,1,
2300,45.0,7,
2301,56.0,2,90.0,1,45.0,2,
2302,72.0,1,90.0,2,45.0,1,63.0,3,
2303,90.0,4,76.0,1,
2304,90.0,4,-81.0,1,
2305,-72.0,1,90.0,1,-68.0,1,45.0,4,
2306,0.0,1,-63.0,1,45.0,4,
2307,0.0,1,90.0,1,45.0,4,
2308,90.0,1,45.0,4,
2309,72.0,2,90.0,1,
2311,76.0,1,45.0,1,63.0,1,
2312,81.0,1,90.0,4,76.0,1,45.0,1,
2313,81.0,1,90.0,4,76.0,1,45.0,1,
2314,72.0,1,90.0,3,76.0,1,
2315,90.0,3,76.0,1,63.0,1,
2316,90.0,5,
2317,90.0,5,
2318,90.0,5,
2319,0.0,1,90.0,5,
2320,-72.0,1,0.0,2,90.0,4,
2321,90.0,4,
2322,0.0,2,90.0,1,
2323,0.0,1,90.0,1,
2324,0.0,1,
2325,0.0,1,
305,0.0,13,45.0,1,
306,0.0,9,45.0,1,
307,0.0,12,72.0,1,45.0,1,
308,0.0,6,-63.0,5,45.0,4,-72.0,1,56.0,1,90.0,2,
309,-72.0,1,90.0,9,45.0,7,
310,-63.0,1,90.0,1,45.0,7,
311,90.0,1,
312,90.0,1,45.0,1,
313,90.0,3,45.0,1,-82.0,1,
314,90.0,6,-82.0,1,
315,-72.0,1,90.0,7,45.0,1,
316,90.0,11,
317,90.0,13,
318,90.0,13,
319,0.0,1,90.0,12,-76.0,1,45.0,1,
320,-72.0,2,0.0,3,90.0,9,
321,0.0,1,90.0,7,-45.0,1,
322,0.0,3,90.0,4,45.0,1,-27.0,1,
323,0.0,3,90.0,2,
324,0.0,2,
325,0.0,1,
2400,45.0,4,
2401,45.0,3,63.0,2,
2402,72.0,1,90.0,1,76.0,1,63.0,1,
2403,72.0,1,76.0,1,45.0,1,
2404,90.0,2,
2405,90.0,1,-76.0,1,45.0,4,
2406,-63.0,2,45.0,4,
2407,0.0,2,45.0,1,
2408,90.0,1,45.0,1,
2409,90.0,2,45.0,2,
2410,72.0,1,90.0,1,76.0,1,
2411,45.0,1,
2412,90.0,1,
2413,90.0,1,45.0,1,63.0,1,
2414,90.0,4,
2415,90.0,2,76.0,1,
2416,72.0,1,90.0,2,
2417,90.0,2,
2418,90.0,2,
2419,0.0,1,90.0,2,
2420,0.0,2,90.0,2,
2421,0.0,1,90.0,2,
2422,-72.0,1,90.0,1,
2423,0.0,1,
2425,0.0,1,
405,0.0,13,45.0,1,
406,0.0,8,45.0,2,
407,0.0,5,72.0,1,90.0,4,76.0,2,45.0,1,
408,0.0,1,-63.0,1,-56.0,2,76.0,1,45.0,8,56.0,1,90.0,3,63.0,1,
409,-63.0,1,90.0,1,45.0,6,
410,90.0,2,-76.0,1,45.0,1,
411,-72.0,1,-63.0,1,90.0,1,45.0,3,-74.0,1,
412,-63.0,1,45.0,1,-81.0,1,-79.0,1,-76.0,2,-72.0,1,90.0,7,
413,-72.0,1,-79.0,1,90.0,11,-76.0,1,
414,-63.0,1,90.0,9,-76.0,2,45.0,1,-79.0,1,
415,90.0,13,
416,90.0,8,-76.0,2,45.0,1,
417,-63.0,1,90.0,7,
418,90.0,8,
419,90.0,8,45.0,1,
420,0.0,1,90.0,6,
421,90.0,5,
422,90.0,4,
423,90.0,2,
424,90.0,1,
425,45.0,1,
2500,45.0,2,
2501,45.0,1,63.0,2,
2502,72.0,2,
2503,90.0,1,76.0,1,45.0,1,
2504,90.0,3,45.0,1,
2505,-72.0,1,90.0,3,45.0,2,
2506,45.0,2,
2507,0.0,1,45.0,2,
2509,90.0,1,63.0,1,
2510,45.0,2,63.0,1,
2511,72.0,1,90.0,1,79.0,1,
2512,72.0,1,45.0,1,79.0,1,
2513,90.0,1,
2514,90.0,1,45.0,1,
2515,90.0,1,
2516,76.0,1,
2517,90.0,2,
2518,90.0,2,
2519,0.0,1,90.0,2,
2520,0.0,2,90.0,2,
2521,0.0,1,90.0,2,
2522,0.0,1,90.0,2,
2523,90.0,2,
2524,90.0,1,
2525,45.0,1,
505,0.0,13,45.0,1,
506,0.0,8,45.0,1,
507,90.0,2,45.0,3,
508,-63.0,1,90.0,1,45.0,3,
509,-72.0,1,-63.0,1,90.0,2,45.0,1,
510,-63.0,3,90.0,5,-76.0,1,45.0,2,
511,-63.0,2,45.0,2,-79.0,2,-76.0,1,-72.0,2,90.0,3,-68.0,1,
512,-72.0,2,90.0,7,45.0,1,
513,-72.0,1,90.0,3,-76.0,1,45.0,1,
514,90.0,3,
515,45.0,1,
519,45.0,1,
2600,45.0,1,
2601,63.0,1,
2602,72.0,1,90.0,1,
2603,90.0,3,
2604,90.0,2,
2605,-63.0,1,45.0,1,
2606,45.0,2,
2607,45.0,1,
2608,45.0,1,
2610,72.0,1,45.0,1,
2611,72.0,1,45.0,1,
2612,90.0,1,
2613,72.0,1,90.0,1,
2614,90.0,3,
2615,90.0,3,
2616,90.0,3,
2617,90.0,3,
2618,90.0,3,
2619,90.0,3,
2620,90.0,1,45.0,1,
2621,0.0,1,
2622,0.0,1,
605,0.0,13,45.0,1,
606,0.0,8,45.0,1,
607,45.0,1,
608,-63.0,2,90.0,1,45.0,1,
609,-63.0,3,90.0,3,45.0,6,
610,-63.0,2,-56.0,1,45.0,3,-76.0,1,-72.0,1,90.0,5,
611,-72.0,3,90.0,1,45.0,3,
612,-63.0,1,90.0,2,45.0,2,
613,90.0,1,
614,90.0,1,
615,90.0,1,
616,90.0,1,
617,90.0,1,
618,90.0,1,
619,90.0,1,
2701,45.0,1,63.0,1,
2702,63.0,1,
2705,90.0,1,45.0,1,
2706,45.0,2,
2708,90.0,1,
2711,63.0,1,
2712,72.0,1,90.0,1,
2713,90.0,1,
2714,45.0,1,
2721,0.0,1,
2722,0.0,1,
705,0.0,13,45.0,1,
706,0.0,8,
707,0.0,1,90.0,1,45.0,2,
708,-56.0,1,45.0,10,
709,-72.0,1,-63.0,1,90.0,1,-56.0,1,45.0,8,
710,-72.0,1,-63.0,1,90.0,1,45.0,4,
711,90.0,1,45.0,2,
712,45.0,1,
2801,45.0,1,
2802,72.0,1,45.0,1,
2803,90.0,1,
2804,90.0,1,45.0,1,
2805,90.0,1,45.0,2,
2806,45.0,1,
2809,45.0,1,
2812,90.0,1,
2813,72.0,1,
2814,90.0,2,
2815,90.0,1,
2816,90.0,1,
2817,90.0,1,
2818,90.0,1,
2819,90.0,1,
2820,90.0,1,
2821,90.0,1,
2822,0.0,1,
805,0.0,13,45.0,1,
806,0.0,8,
807,0.0,1,-45.0,1,45.0,2,
808,0.0,3,-63.0,1,-45.0,1,45.0,6,
809,0.0,2,-63.0,1,45.0,4,
810,90.0,1,45.0,2,
2903,90.0,1,
2904,90.0,1,
2905,45.0,1,
2909,90.0,1,
2910,45.0,1,
2915,90.0,1,
2916,90.0,1,
2917,90.0,1,
2918,90.0,1,
2919,90.0,1,
2920,90.0,1,
2921,90.0,1,
2922,90.0,1,
905,0.0,13,45.0,1,
906,0.0,8,
907,0.0,2,-45.0,2,-27.0,1,45.0,3,
908,0.0,4,-45.0,2,45.0,8,
909,90.0,1,45.0,5,
910,45.0,1,
3001,90.0,1,
3005,45.0,1,
3010,90.0,1,
1005,0.0,13,45.0,1,
1006,0.0,8,
1007,0.0,8,-45.0,1,45.0,3,
1008,0.0,5,27.0,1,45.0,5,
1009,45.0,2,
3100,45.0,1,
3101,45.0,1,
3102,45.0,1,
3104,45.0,1,
3107,90.0,1,
3111,90.0,1,
1105,0.0,13,45.0,1,
1106,0.0,8,
1107,0.0,6,27.0,1,45.0,3,-45.0,2,
1108,0.0,7,90.0,1,45.0,3,
1109,45.0,1,
3200,45.0,1,
3202,90.0,1,
3203,90.0,1,
3204,90.0,1,
3206,45.0,1,
3207,45.0,1,
3208,45.0,1,
3212,90.0,1,
3213,90.0,1,
3214,90.0,1,
3215,90.0,1,
3216,90.0,1,
3217,90.0,1,
3218,90.0,1,
3219,90.0,1,
1205,0.0,13,45.0,1,
1206,0.0,8,
1207,0.0,7,27.0,3,45.0,1,
1208,0.0,6,18.0,1,-45.0,1,45.0,3,
1209,0.0,1,
3300,45.0,1,
3306,45.0,1,
3308,45.0,1,
3319,45.0,1,
1305,0.0,13,45.0,1,
1306,0.0,8,
1307,0.0,5,27.0,2,45.0,6,
1308,0.0,5,34.0,1,45.0,4,
1309,45.0,2,
3400,45.0,1,
3406,45.0,1,
3408,45.0,1,
3409,45.0,1,
3419,45.0,1,
1405,0.0,13,45.0,1,
1406,0.0,8,
1407,0.0,2,27.0,2,45.0,4,
1408,27.0,2,51.0,1,45.0,10,
1409,0.0,1,45.0,7,
1410,56.0,1,63.0,1,
3500,45.0,1,
3506,45.0,1,
3509,90.0,1,
3519,45.0,1,
1501,90.0,1,45.0,1,
1505,0.0,13,45.0,2,
1506,0.0,8,
1507,0.0,4,27.0,1,45.0,1,
1508,45.0,7,
1509,56.0,1,90.0,2,45.0,6,63.0,1,
1510,90.0,1,45.0,4,
1511,56.0,2,
1512,90.0,1,45.0,1,
3601,90.0,1,
3605,45.0,1,
3610,90.0,1,
3619,45.0,1,
1600,45.0,4,
1601,-72.0,1,90.0,3,74.0,1,45.0,1,63.0,1,
1602,72.0,1,90.0,1,45.0,1,
1603,45.0,1,
1604,90.0,1,45.0,2,
1605,0.0,11,-45.0,1,45.0,5,
1606,0.0,5,45.0,2,
1607,0.0,1,90.0,1,45.0,6,
1608,90.0,1,45.0,4,
1609,56.0,2,72.0,1,45.0,6,63.0,1,
1610,90.0,5,45.0,1,63.0,3,
1611,72.0,1,90.0,2,74.0,1,
1612,90.0,2,45.0,1,63.0,1,
1613,72.0,2,
1614,72.0,1,90.0,1,
1615,90.0,1,
3701,45.0,1,
3702,45.0,1,
3705,90.0,1,
3711,90.0,1,
3712,45.0,1,
3719,45.0,1,
1700,45.0,8,
1701,90.0,1,76.0,1,45.0,3,79.0,1,
1702,90.0,1,79.0,1,45.0,1,63.0,3,
1703,72.0,1,90.0,2,82.0,1,
1704,-72.0,1,90.0,3,45.0,1,
1705,0.0,7,-63.0,1,-45.0,1,-56.0,1,45.0,3,
1706,0.0,6,45.0,2,
1707,0.0,1,82.0,1,90.0,1,45.0,3,63.0,1,
1708,0.0,1,45.0,8,63.0,2,
1709,56.0,1,45.0,4,63.0,2,
1710,56.0,1,90.0,3,45.0,5,63.0,2,
1711,90.0,2,76.0,2,63.0,1,
1712,90.0,4,45.0,1,79.0,1,
1713,90.0,3,79.0,1,
1714,82.0,1,90.0,2,45.0,1,
1715,72.0,1,90.0,2,45.0,1,
1716,90.0,4,
1717,90.0,4,
1718,90.0,4,
1719,90.0,4,
1720,0.0,1,90.0,3,
1721,90.0,2,
1722,90.0,2,
1723,0.0,1,90.0,1,
1724,0.0,1,
3802,90.0,1,
3803,90.0,1,
3804,90.0,1,
3812,90.0,1,
3813,90.0,1,
3814,90.0,1,
3815,90.0,1,
3816,90.0,1,
3817,90.0,1,
3818,90.0,1,
3819,90.0,1,
1800,0.0,2,45.0,9,
1801,90.0,3,76.0,1,45.0,1,79.0,1,
1802,90.0,3,76.0,1,45.0,1,
1803,90.0,3,79.0,1,
1804,-72.0,1,-79.0,1,90.0,2,
1805,0.0,6,-45.0,2,45.0,3,
1806,0.0,2,-45.0,2,45.0,3,
1807,90.0,2,45.0,5,-27.0,1,
1808,56.0,1,90.0,1,45.0,9,63.0,1,
1809,72.0,1,90.0,1,45.0,3,63.0,2,
1810,76.0,1,45.0,1,63.0,4,
1811,72.0,1,76.0,1,45.0,1,79.0,1,90.0,3,63.0,2,
1812,72.0,1,90.0,3,76.0,1,63.0,1,
1813,90.0,3,45.0,1,
1814,90.0,3,76.0,1,45.0,1,
1815,90.0,4,
1816,90.0,4,
1817,90.0,4,
1818,90.0,4,
1819,90.0,4,
1820,0.0,2,90.0,3,
1821,90.0,2,
1822,0.0,1,90.0,1,
1823,0.0,1,
1824,0.0,1,
1900,45.0,12,
1901,56.0,1,90.0,3,76.0,1,45.0,2,63.0,2,
1902,72.0,2,90.0,1,45.0,2,63.0,2,
1903,90.0,4,45.0,1,
1904,-72.0,1,90.0,2,-76.0,1,
1905,0.0,5,90.0,1,45.0,8,
1906,0.0,2,-63.0,1,45.0,4,
1907,0.0,1,-45.0,1,76.0,1,45.0,6,
1908,56.0,2,45.0,4,63.0,2,
1909,72.0,1,56.0,1,90.0,2,45.0,2,63.0,5,
1910,74.0,1,45.0,1,90.0,1,63.0,2,
1911,90.0,3,45.0,3,63.0,1,
1912,72.0,3,56.0,1,90.0,2,76.0,1,45.0,1,
1913,72.0,1,81.0,1,90.0,5,45.0,1,
1914,90.0,4,76.0,1,63.0,1,
1915,90.0,5,
1916,90.0,2,45.0,1,
1917,90.0,2,
1918,90.0,2,
1919,0.0,1,90.0,2,
1920,0.0,3,90.0,2,
1921,90.0,2,
1922,0.0,2,90.0,1,
1923,0.0,2,
1924,0.0,1,
2000,0.0,1,27.0,1,45.0,11,
2001,56.0,1,90.0,1,76.0,1,45.0,5,63.0,3,
2002,72.0,2,67.0,1,45.0,2,63.0,3,
2003,72.0,1,90.0,5,76.0,1,45.0,1,
2004,90.0,5,45.0,2,-82.0,1,
2005,0.0,2,-63.0,1,45.0,4,-45.0,1,90.0,5,-68.0,1,
2006,-72.0,1,-56.0,1,90.0,1,45.0,3,
2007,0.0,3,-45.0,1,45.0,3,
2008,0.0,1,90.0,1,59.0,1,45.0,3,63.0,1,
2009,56.0,1,90.0,2,45.0,2,63.0,4,
2010,72.0,3,90.0,2,45.0,1,63.0,3,
2011,81.0,1,90.0,3,68.0,1,45.0,2,
2012,90.0,3,82.0,1,45.0,1,
2013,76.0,1,82.0,1,90.0,2,45.0,2,63.0,1,
2014,72.0,1,90.0,4,76.0,1,63.0,1,
2015,72.0,1,90.0,6,76.0,1,
2016,72.0,1,90.0,7,45.0,1,
2017,90.0,8,
2018,90.0,8,
2019,0.0,1,90.0,8,
2020,0.0,2,90.0,7,
2021,0.0,1,90.0,5,
2022,0.0,3,90.0,4,
2023,0.0,2,90.0,2,
2024,0.0,2,
