6,-63.0,1,90.0,1,45.0,4,
7,-63.0,1,-56.0,1,-79.0,1,-72.0,2,90.0,1,-68.0,1,
8,90.0,7,
9,72.0,3,90.0,3,59.0,1,
10,72.0,1,68.0,1,45.0,4,63.0,1,
11,90.0,1,45.0,2,
2100,45.0,5,
2101,45.0,1,
2102,90.0,2,45.0,1,
2103,72.0,2,90.0,2,76.0,1,
2104,-72.0,2,90.0,3,
2105,45.0,1,
2106,45.0,2,
2107,0.0,1,-45.0,4,
2110,0.0,4,68.0,1,
2111,0.0,1,-79.0,1,
2113,90.0,1,76.0,1,
2114,72.0,2,90.0,1,79.0,1,
2115,90.0,4,76.0,1,
2116,-72.0,2,-79.0,1,90.0,2,
2117,90.0,2,45.0,2,
2118,45.0,1,
2119,-45.0,1,45.0,2,
2120,45.0,3,
2121,-45.0,1,45.0,1,
105,0.0,1,45.0,4,
106,45.0,6,
109,45.0,1,
110,0.0,2,-45.0,2,45.0,1,
111,0.0,1,-45.0,1,-27.0,1,
113,-72.0,1,45.0,1,
114,-72.0,1,-79.0,1,90.0,3,45.0,1,
115,-72.0,1,-79.0,1,90.0,4,-76.0,1,
116,-79.0,1,90.0,5,-76.0,1,
117,72.0,3,90.0,2,68.0,1,79.0,1,
118,90.0,1,76.0,1,45.0,4,79.0,1,
119,72.0,1,63.0,2,
120,45.0,1,
2200,45.0,4,
2201,72.0,1,90.0,2,63.0,2,
2202,68.0,1,
2203,90.0,1,
2204,90.0,1,
2205,-79.0,1,
2206,-63.0,1,90.0,1,45.0,3,
2207,-45.0,1,45.0,2,
2210,0.0,4,
2211,0.0,1,
2212,0.0,1,90.0,1,45.0,2,
2213,56.0,1,90.0,1,
2214,63.0,1,
2218,45.0,2,
2219,-63.0,1,45.0,3,
2220,90.0,1,45.0,1,
2221,45.0,1,
204,45.0,1,
205,0.0,1,-45.0,6,
206,45.0,2,
207,-63.0,1,
208,90.0,5,79.0,1,
209,90.0,3,-59.0,1,
210,0.0,2,90.0,1,-45.0,3,
211,0.0,1,45.0,2,
212,-63.0,1,45.0,3,
213,-72.0,2,-63.0,3,45.0,2,
214,-72.0,1,-63.0,2,
218,53.0,1,63.0,3,
219,90.0,1,45.0,4,63.0,1,
220,56.0,2,63.0,1,
221,45.0,1,
2301,90.0,3,45.0,1,
2302,72.0,3,76.0,1,
2303,72.0,1,90.0,3,
2304,-72.0,1,90.0,3,
2305,-72.0,3,90.0,1,
2306,-63.0,1,90.0,2,
2310,0.0,4,
2311,0.0,1,90.0,1,
2312,-79.0,1,90.0,3,
2313,72.0,3,76.0,1,
2314,72.0,1,90.0,2,
2315,90.0,1,
2316,90.0,1,
2317,-79.0,1,90.0,1,45.0,2,
2318,-63.0,3,-76.0,1,
2319,-72.0,1,45.0,2,
2320,45.0,1,
304,0.0,1,
305,0.0,6,
306,0.0,1,
307,0.0,2,-56.0,1,45.0,4,
308,-72.0,1,-63.0,1,90.0,2,45.0,2,
309,72.0,3,90.0,3,
310,0.0,2,90.0,3,
311,45.0,4,
312,90.0,2,45.0,4,
313,-63.0,1,90.0,1,45.0,1,
315,90.0,1,
316,90.0,2,
317,90.0,1,
318,90.0,1,
319,45.0,3,37.0,1,
320,45.0,4,
321,45.0,3,
322,45.0,1,
2410,90.0,1,45.0,2,
2411,90.0,3,76.0,1,
2412,90.0,3,45.0,1,
2413,0.0,1,
2414,90.0,3,45.0,1,
2415,90.0,3,76.0,1,
2416,90.0,4,
2417,90.0,3,
2418,-76.0,1,
404,0.0,1,
405,0.0,6,
406,0.0,1,
407,0.0,6,45.0,1,
408,45.0,1,
410,-53.0,1,45.0,1,
411,-56.0,2,45.0,4,
412,45.0,3,
413,-63.0,1,
414,90.0,4,-68.0,1,
415,-72.0,2,-63.0,1,90.0,3,
416,72.0,3,-79.0,1,-76.0,1,45.0,1,63.0,1,
417,90.0,2,45.0,2,63.0,2,
418,76.0,1,45.0,1,63.0,1,
419,45.0,2,
420,0.0,1,27.0,3,
421,34.0,1,27.0,1,
422,18.0,1,
504,0.0,1,
505,0.0,5,45.0,2,
507,34.0,1,27.0,3,53.0,1,45.0,1,
508,90.0,1,45.0,2,63.0,1,
509,90.0,1,-68.0,1,45.0,1,
510,-72.0,1,-63.0,1,90.0,3,45.0,1,
511,-56.0,1,45.0,1,
512,-63.0,1,
513,90.0,2,45.0,3,
514,-56.0,1,-63.0,1,45.0,4,
515,-63.0,1,45.0,1,
517,27.0,1,45.0,3,
518,45.0,5,
519,45.0,2,
520,18.0,1,27.0,3,45.0,1,
521,0.0,1,
522,0.0,1,18.0,1,45.0,1,
605,18.0,1,0.0,2,34.0,1,27.0,1,45.0,1,
606,34.0,1,
607,90.0,1,45.0,2,
608,56.0,1,90.0,3,76.0,1,
609,-72.0,2,-79.0,1,90.0,1,-63.0,1,
610,-63.0,1,45.0,1,
611,-63.0,1,
612,-63.0,1,45.0,5,
613,90.0,2,-51.0,1,45.0,3,
614,90.0,1,
618,0.0,4,
619,18.0,1,27.0,1,
620,0.0,5,
622,0.0,3,
705,0.0,1,27.0,1,45.0,4,
706,56.0,1,27.0,1,45.0,2,
707,56.0,1,
708,90.0,1,
709,90.0,2,
710,-72.0,2,
711,-72.0,1,-63.0,1,90.0,1,45.0,3,
712,-63.0,1,90.0,1,45.0,3,
713,90.0,1,
717,-27.0,1,
718,0.0,3,
719,0.0,2,-45.0,1,
720,0.0,3,-45.0,1,45.0,1,
722,0.0,2,-45.0,1,
806,56.0,3,90.0,1,45.0,2,
807,90.0,1,79.0,1,63.0,1,
808,90.0,1,
809,-72.0,1,45.0,1,
810,-72.0,1,-63.0,1,90.0,2,
811,-63.0,2,90.0,2,45.0,1,
812,45.0,1,
816,45.0,1,
817,45.0,1,
818,0.0,1,-63.0,1,-45.0,2,
819,-45.0,2,45.0,1,-34.0,1,
820,0.0,1,-45.0,2,
821,0.0,1,-27.0,1,
822,-45.0,1,45.0,1,
907,72.0,3,45.0,1,63.0,1,
908,90.0,3,76.0,1,79.0,1,
909,-72.0,2,-79.0,1,90.0,1,-63.0,1,
910,-76.0,1,45.0,3,
915,-79.0,1,
916,-72.0,1,90.0,1,
917,-72.0,1,45.0,3,
918,0.0,2,-63.0,1,45.0,3,
919,-45.0,1,45.0,2,
920,0.0,3,-63.0,1,
921,-45.0,1,45.0,1,-34.0,1,
1014,90.0,1,
1015,90.0,1,
1016,0.0,1,-79.0,1,90.0,3,
1017,-63.0,2,90.0,2,-68.0,1,45.0,1,
1018,-63.0,1,90.0,1,45.0,1,
1019,0.0,2,27.0,1,45.0,1,
1020,-56.0,1,0.0,1,45.0,2,
1021,-45.0,1,45.0,1,
1114,0.0,4,
1115,0.0,2,90.0,3,
1116,56.0,1,90.0,3,
1117,72.0,1,90.0,1,45.0,1,
1118,90.0,1,45.0,3,63.0,1,
1119,90.0,2,-68.0,1,45.0,1,
1120,-63.0,1,45.0,1,63.0,1,
1121,45.0,1,
1206,90.0,1,
1207,90.0,1,
1208,0.0,1,
1211,90.0,1,
1212,90.0,1,
1213,90.0,1,
1214,0.0,3,72.0,1,
1215,0.0,2,68.0,1,
1216,63.0,1,
1217,45.0,1,
1218,0.0,1,-63.0,2,45.0,2,63.0,1,
1219,-56.0,1,59.0,1,45.0,2,
1221,27.0,1,
1222,45.0,1,
1305,90.0,1,
1306,0.0,1,90.0,1,
1307,90.0,1,
1308,0.0,1,
1310,90.0,1,
1311,0.0,1,90.0,1,
1313,0.0,1,
1314,0.0,3,
1315,0.0,1,90.0,3,27.0,1,
1316,90.0,1,63.0,1,79.0,1,
1317,72.0,1,45.0,1,
1318,63.0,3,
1319,34.0,1,45.0,4,63.0,1,
1320,51.0,1,45.0,2,
1322,34.0,1,
1405,0.0,2,90.0,1,
1406,0.0,1,90.0,2,
1407,0.0,1,90.0,2,
1408,56.0,1,
1409,90.0,1,
1410,0.0,2,90.0,2,
1411,0.0,1,90.0,2,-45.0,1,
1412,90.0,1,45.0,1,
1413,0.0,1,
1415,90.0,2,
1416,72.0,3,90.0,1,
1417,90.0,1,27.0,1,45.0,3,63.0,1,
1418,53.0,1,45.0,1,
1419,0.0,1,45.0,1,63.0,2,
1420,0.0,1,18.0,1,90.0,1,
1421,34.0,1,27.0,1,
1422,0.0,1,
1505,0.0,3,90.0,2,
1506,0.0,1,90.0,3,
1507,0.0,2,90.0,3,53.0,1,
1508,0.0,1,90.0,1,
1509,90.0,1,
1510,0.0,3,90.0,2,
1511,0.0,1,90.0,3,
1512,0.0,2,90.0,3,
1513,0.0,1,27.0,1,
1517,0.0,1,45.0,1,63.0,2,
1518,0.0,1,45.0,3,63.0,1,
1519,34.0,1,45.0,2,
1520,0.0,2,45.0,3,
1521,34.0,1,27.0,1,
1522,0.0,1,
1600,45.0,1,
1601,-72.0,1,
1602,45.0,1,
1605,0.0,5,45.0,1,
1606,0.0,2,
1607,0.0,4,
1608,-72.0,1,0.0,1,
1609,90.0,1,
1610,0.0,4,90.0,1,
1611,0.0,2,45.0,1,
1612,0.0,5,
1613,0.0,1,45.0,1,
1614,45.0,1,
1617,0.0,1,
1618,0.0,1,27.0,1,45.0,2,
1619,45.0,3,
1620,0.0,1,27.0,3,
1621,0.0,1,45.0,1,
1622,0.0,3,
1700,45.0,2,
1701,63.0,1,
1702,45.0,1,
1703,72.0,1,
1704,90.0,1,
1705,0.0,4,-27.0,1,45.0,1,
1706,0.0,1,
1707,0.0,1,90.0,1,27.0,2,45.0,1,
1708,0.0,1,90.0,5,53.0,1,
1709,90.0,6,
1710,-63.0,2,90.0,2,45.0,1,
1711,0.0,2,
1712,0.0,4,37.0,1,
1713,0.0,2,
1714,45.0,1,
1715,72.0,1,
1716,90.0,1,
1717,90.0,1,-45.0,1,
1718,0.0,3,-72.0,1,
1719,45.0,2,-18.0,1,
1720,0.0,4,
1721,45.0,1,
1722,0.0,3,
1800,0.0,1,45.0,1,
1801,90.0,1,45.0,1,63.0,1,
1802,59.0,1,
1803,79.0,1,
1804,90.0,1,
1805,0.0,3,-18.0,1,
1806,0.0,1,45.0,2,
1807,90.0,1,-45.0,1,
1810,0.0,1,
1811,0.0,1,
1812,0.0,2,27.0,1,45.0,1,
1813,34.0,1,59.0,1,90.0,1,45.0,1,
1814,79.0,1,
1815,-79.0,1,
1816,-72.0,1,
1817,45.0,1,
1818,0.0,3,
1819,0.0,1,-45.0,1,-34.0,1,
1820,0.0,3,90.0,1,
1821,0.0,1,45.0,1,
1822,0.0,2,
1900,45.0,2,
1901,90.0,4,68.0,1,45.0,1,
1902,72.0,1,45.0,1,
1903,90.0,1,
1904,90.0,1,
1905,0.0,2,90.0,1,-45.0,2,45.0,1,
1906,0.0,1,-63.0,1,-45.0,1,
1907,0.0,1,
1908,90.0,1,
1909,90.0,1,
1910,0.0,1,79.0,1,
1911,0.0,1,
1912,27.0,2,45.0,1,
1913,0.0,1,45.0,2,
1914,56.0,1,63.0,1,
1915,72.0,1,
1916,90.0,1,
1917,45.0,2,
1918,0.0,1,90.0,2,45.0,3,
1919,-63.0,1,-45.0,2,45.0,1,
1920,-45.0,3,45.0,1,
1921,-34.0,1,
1922,-45.0,1,
2000,18.0,1,45.0,4,
2001,90.0,3,59.0,1,45.0,1,
2002,72.0,1,56.0,1,79.0,1,45.0,2,63.0,1,
2003,79.0,1,
2004,-79.0,1,90.0,1,45.0,1,
2005,-68.0,1,45.0,5,
2006,45.0,1,
2007,-63.0,1,-27.0,1,45.0,3,
2008,90.0,3,-76.0,1,
2009,90.0,4,
2010,0.0,2,90.0,1,45.0,3,
2011,0.0,2,90.0,1,
2012,90.0,1,51.0,1,
2013,56.0,3,90.0,1,45.0,2,
2014,45.0,1,63.0,2,
2015,79.0,1,
2016,90.0,3,
2017,90.0,3,-76.0,1,45.0,2,
2018,90.0,1,-53.0,1,45.0,1,
2019,45.0,1,
2020,0.0,1,-45.0,2,
2021,0.0,1,-45.0,1,
2022,0.0,1,
