7,-79.0,1,90.0,2,-82.0,1,
8,-79.0,1,90.0,3,-82.0,1,-81.0,1,
9,-79.0,1,90.0,2,-76.0,2,-81.0,1,
10,90.0,4,-76.0,1,-82.0,1,
11,90.0,6,
12,81.0,1,82.0,1,90.0,4,
13,72.0,1,81.0,1,90.0,3,79.0,1,
14,72.0,1,68.0,1,76.0,1,
15,90.0,1,
2100,45.0,3,63.0,1,
2101,90.0,1,67.0,1,45.0,3,
2102,82.0,1,63.0,1,
2103,90.0,1,-82.0,1,
2104,90.0,2,-67.0,1,
2105,90.0,2,45.0,1,
2106,90.0,2,45.0,2,
2107,72.0,2,56.0,1,63.0,1,
2108,72.0,1,74.0,1,
2109,82.0,1,90.0,1,
2110,90.0,1,76.0,1,
2111,90.0,1,-82.0,1,
2112,90.0,1,-74.0,1,
2113,90.0,2,-76.0,2,
2114,-63.0,1,90.0,1,
2115,-76.0,1,
2116,90.0,1,45.0,1,
2117,45.0,1,
105,45.0,3,
106,-72.0,1,-63.0,2,90.0,2,-67.0,1,
107,-68.0,1,90.0,1,-76.0,1,45.0,1,
113,90.0,2,45.0,1,
114,56.0,1,90.0,1,67.0,1,45.0,1,63.0,1,
115,72.0,1,63.0,2,
116,56.0,1,
2200,27.0,1,
2201,72.0,2,90.0,1,
2202,90.0,1,76.0,1,79.0,1,
2203,90.0,4,
2204,90.0,1,-76.0,2,
2205,-72.0,1,
2206,-63.0,1,
2207,45.0,2,
2208,90.0,1,76.0,2,
2209,90.0,1,76.0,1,79.0,1,
2210,90.0,2,79.0,1,
2211,90.0,3,
2212,-79.0,1,90.0,2,
2213,90.0,2,
2214,-79.0,1,
2215,45.0,2,
2216,-63.0,1,
204,45.0,2,
205,-56.0,2,-53.0,1,-59.0,1,45.0,2,
206,-63.0,1,90.0,1,
209,90.0,1,
210,-81.0,1,
211,90.0,1,
212,81.0,1,
213,45.0,1,
214,45.0,1,
215,56.0,1,51.0,1,45.0,1,
216,90.0,1,45.0,1,63.0,1,
217,45.0,1,
2300,45.0,1,
2301,63.0,1,
2305,90.0,1,
2306,45.0,1,
2307,63.0,1,
2308,63.0,1,
2314,90.0,1,
2315,-72.0,1,
304,0.0,1,-45.0,2,45.0,1,
305,0.0,1,-63.0,1,45.0,1,
306,-76.0,1,
307,79.0,1,
309,-72.0,1,-63.0,1,27.0,1,-67.0,1,
310,-63.0,1,90.0,3,-76.0,1,
311,-79.0,1,82.0,1,90.0,3,
312,82.0,1,76.0,2,90.0,2,
313,90.0,2,76.0,2,79.0,2,
314,79.0,1,45.0,1,63.0,1,
315,45.0,3,
316,45.0,4,
317,0.0,1,45.0,2,
318,45.0,1,
2401,90.0,1,
2402,90.0,1,
2403,-76.0,1,
2404,90.0,1,
2405,45.0,1,
2408,90.0,1,
2409,76.0,1,
2410,90.0,1,
2411,90.0,1,
2412,90.0,1,
2413,-76.0,1,
2414,90.0,1,
404,0.0,4,-45.0,1,-27.0,1,
405,0.0,2,-63.0,1,45.0,2,
406,-63.0,1,-76.0,1,45.0,3,-74.0,1,
407,56.0,2,90.0,2,45.0,1,63.0,1,
408,45.0,2,63.0,1,
409,27.0,3,45.0,2,
410,0.0,1,34.0,1,
413,90.0,1,45.0,1,63.0,1,
414,56.0,1,72.0,1,90.0,1,45.0,2,
415,34.0,1,59.0,1,45.0,1,
416,34.0,1,45.0,3,
417,18.0,1,45.0,1,
418,27.0,1,
504,0.0,6,
505,0.0,3,14.0,1,
506,-56.0,1,0.0,1,
507,45.0,2,
508,0.0,2,27.0,1,45.0,1,-34.0,1,63.0,1,
509,0.0,5,
510,0.0,2,
514,45.0,3,
515,45.0,2,
516,0.0,2,34.0,1,45.0,1,
517,0.0,2,
518,45.0,2,
604,0.0,5,14.0,1,
605,0.0,1,27.0,1,37.0,1,
606,0.0,1,27.0,1,63.0,1,
607,-79.0,1,-45.0,1,45.0,1,
608,0.0,3,45.0,3,
609,0.0,4,-18.0,1,
610,0.0,2,
614,0.0,2,-27.0,1,
615,-27.0,1,
616,0.0,4,27.0,1,
617,-27.0,1,
618,0.0,2,
704,0.0,2,18.0,1,27.0,2,37.0,1,
705,45.0,2,
706,82.0,1,76.0,1,45.0,1,63.0,2,
707,-72.0,1,90.0,2,-76.0,1,
708,-72.0,1,45.0,1,
709,0.0,1,-45.0,2,-27.0,1,
710,0.0,1,-27.0,1,
714,-45.0,3,45.0,1,
715,45.0,1,
716,0.0,2,-45.0,2,-27.0,1,45.0,1,
717,0.0,1,
718,0.0,1,-27.0,1,
804,27.0,2,37.0,1,45.0,2,
805,56.0,1,27.0,1,
806,90.0,2,
807,90.0,1,45.0,1,
808,0.0,1,-63.0,1,90.0,1,-45.0,1,
809,0.0,1,45.0,3,
810,0.0,2,
812,90.0,1,
813,-63.0,1,45.0,1,-81.0,1,
814,-63.0,1,45.0,3,
815,0.0,1,45.0,2,
816,0.0,1,-45.0,2,45.0,3,
817,0.0,1,
818,90.0,1,-45.0,1,45.0,1,
819,-81.0,1,
820,90.0,1,
821,90.0,1,
904,45.0,4,
905,56.0,1,72.0,1,60.0,1,45.0,1,63.0,1,
906,90.0,2,45.0,1,
907,-79.0,1,90.0,1,45.0,1,
908,-72.0,1,-63.0,2,
909,-63.0,1,-45.0,1,
911,45.0,1,
912,0.0,1,90.0,1,-82.0,1,
913,-63.0,2,90.0,1,
914,90.0,1,45.0,1,
915,-63.0,2,90.0,3,45.0,1,
916,0.0,1,81.0,1,
917,45.0,2,-82.0,1,-81.0,1,
918,90.0,1,45.0,2,-82.0,1,
919,90.0,2,-82.0,1,
920,90.0,3,
921,0.0,1,90.0,1,
922,90.0,1,
1005,90.0,1,45.0,1,63.0,1,
1006,90.0,3,76.0,2,
1007,90.0,3,-76.0,1,
1008,-79.0,1,90.0,1,45.0,1,
1009,90.0,1,45.0,1,
1011,0.0,3,
1012,0.0,1,90.0,2,
1013,90.0,1,-76.0,1,
1014,-72.0,1,-63.0,1,90.0,2,45.0,1,
1015,56.0,1,-63.0,1,45.0,2,
1016,-72.0,1,-63.0,1,90.0,3,
1017,81.0,1,90.0,2,45.0,2,
1018,90.0,3,45.0,1,
1019,90.0,1,45.0,1,
1020,0.0,3,90.0,2,
1021,0.0,1,-76.0,1,
1022,0.0,1,90.0,1,
1106,90.0,1,
1107,90.0,1,
1108,90.0,1,
1111,0.0,3,
1112,0.0,1,90.0,1,
1113,72.0,1,0.0,1,90.0,1,
1114,59.0,1,45.0,1,63.0,2,
1115,45.0,1,
1116,-72.0,1,0.0,2,51.0,1,45.0,1,-63.0,1,
1117,90.0,1,
1118,0.0,1,90.0,2,
1119,90.0,2,
1120,0.0,3,90.0,1,
1121,-63.0,1,
1122,0.0,2,
1204,90.0,1,
1205,90.0,1,
1206,90.0,1,
1211,0.0,2,45.0,1,
1212,0.0,1,82.0,1,76.0,1,90.0,1,
1213,76.0,1,53.0,1,
1214,90.0,1,45.0,3,
1215,56.0,1,51.0,1,45.0,3,
1216,72.0,1,76.0,1,45.0,3,63.0,1,
1217,0.0,1,76.0,1,45.0,1,82.0,1,90.0,1,27.0,1,
1218,76.0,1,82.0,1,68.0,1,90.0,1,
1219,82.0,1,90.0,2,
1220,-56.0,1,0.0,2,90.0,1,
1222,0.0,2,
1304,0.0,1,90.0,1,
1305,90.0,1,
1306,18.0,1,
1312,0.0,1,
1313,90.0,1,45.0,1,63.0,2,
1314,72.0,1,45.0,2,
1315,56.0,1,27.0,1,45.0,3,
1316,56.0,1,0.0,1,34.0,1,45.0,1,
1317,27.0,1,45.0,2,
1318,90.0,1,45.0,1,
1319,90.0,3,
1320,90.0,2,45.0,1,
1321,90.0,1,
1322,0.0,1,90.0,1,
1404,0.0,2,90.0,2,
1405,0.0,1,90.0,3,
1406,0.0,1,90.0,1,27.0,1,45.0,1,
1413,45.0,1,
1414,45.0,2,37.0,1,63.0,1,
1415,45.0,2,-18.0,1,
1416,27.0,1,45.0,3,
1417,0.0,1,45.0,1,
1418,34.0,1,
1420,90.0,1,
1421,90.0,1,
1422,90.0,1,
1504,0.0,4,45.0,1,
1505,0.0,1,90.0,1,45.0,1,
1506,0.0,2,90.0,1,27.0,2,45.0,1,
1507,53.0,1,
1514,0.0,1,27.0,1,45.0,2,
1515,45.0,2,
1516,0.0,2,18.0,1,45.0,1,
1517,27.0,1,-45.0,1,
1518,45.0,1,
1600,45.0,1,
1601,45.0,1,
1604,0.0,4,-34.0,1,
1605,0.0,1,
1606,27.0,3,37.0,1,45.0,1,
1607,27.0,1,45.0,1,
1608,63.0,1,
1609,45.0,1,
1613,-79.0,1,
1614,0.0,2,-63.0,1,-34.0,1,
1615,0.0,1,
1616,0.0,4,45.0,1,-18.0,1,
1617,0.0,2,
1618,0.0,1,45.0,1,
1700,0.0,1,45.0,1,
1701,90.0,1,45.0,1,
1702,72.0,1,
1703,-79.0,1,
1704,0.0,3,-27.0,1,45.0,1,
1705,0.0,1,
1706,90.0,1,27.0,1,45.0,3,
1707,59.0,1,45.0,3,
1709,79.0,1,
1710,90.0,1,
1711,90.0,1,
1712,-81.0,1,
1713,-72.0,1,
1714,45.0,3,
1715,45.0,1,
1716,0.0,1,45.0,1,-45.0,1,90.0,1,27.0,1,-34.0,1,
1718,0.0,1,-27.0,1,
1800,45.0,5,
1801,72.0,1,51.0,1,45.0,1,63.0,1,
1802,45.0,1,
1803,45.0,1,
1804,0.0,4,45.0,1,
1805,45.0,2,
1806,72.0,1,
1807,56.0,3,90.0,1,27.0,1,
1808,74.0,1,59.0,1,45.0,1,
1809,82.0,1,
1810,90.0,1,
1811,-82.0,1,
1812,-81.0,1,
1813,-72.0,2,90.0,1,
1814,90.0,1,45.0,2,
1815,-72.0,1,90.0,1,-59.0,1,
1816,0.0,2,-45.0,1,45.0,1,
1818,0.0,1,-45.0,1,
1900,34.0,1,45.0,4,
1901,45.0,2,63.0,2,
1902,72.0,2,81.0,1,90.0,1,63.0,1,
1903,90.0,2,-68.0,1,45.0,1,
1904,0.0,1,-68.0,1,45.0,3,
1905,-63.0,1,45.0,1,
1906,56.0,1,
1907,63.0,2,
1908,72.0,2,76.0,1,45.0,1,
1909,81.0,1,90.0,1,76.0,1,79.0,1,
1910,90.0,3,79.0,1,
1911,90.0,4,
1912,90.0,2,-76.0,1,-81.0,1,
1913,-72.0,1,90.0,2,
1914,-72.0,1,-79.0,1,45.0,1,
1915,90.0,2,45.0,2,
1916,0.0,1,
1917,0.0,1,45.0,1,
1918,45.0,2,
2000,34.0,1,51.0,1,45.0,3,
2001,56.0,1,
2002,90.0,3,
2003,-72.0,1,90.0,2,
2004,0.0,1,45.0,1,
2005,0.0,2,-63.0,1,
2006,56.0,2,-56.0,1,45.0,1,
2007,72.0,1,45.0,1,
2008,56.0,1,
2009,90.0,1,
2013,90.0,1,45.0,1,
2014,-63.0,1,90.0,1,-76.0,1,45.0,1,
2015,-56.0,1,45.0,2,
2016,90.0,1,
2017,-45.0,1,45.0,1,
