5,0.0,2,90.0,3,
6,90.0,6,
7,90.0,6,
8,0.0,1,
10,-72.0,1,45.0,1,
11,-72.0,2,90.0,2,-76.0,1,
12,-72.0,2,-79.0,2,90.0,1,-76.0,1,
13,-79.0,1,90.0,4,-76.0,1,
14,-79.0,1,90.0,5,
15,90.0,5,79.0,1,
16,72.0,2,90.0,2,79.0,2,
17,72.0,3,90.0,1,76.0,1,79.0,1,
18,72.0,1,68.0,1,45.0,1,63.0,1,
19,90.0,1,45.0,1,
2100,27.0,1,45.0,4,
2101,90.0,1,45.0,1,53.0,1,
2102,45.0,1,
2103,90.0,2,
2105,-45.0,1,45.0,1,
2106,-56.0,1,-45.0,1,45.0,2,
2107,0.0,1,
2108,90.0,1,
2109,45.0,1,63.0,1,
2110,72.0,3,
2111,90.0,3,76.0,1,
2112,79.0,1,
2113,90.0,1,79.0,1,
2114,72.0,1,90.0,1,
2115,90.0,2,
2116,-72.0,1,90.0,2,
2117,-63.0,1,90.0,3,
2118,-72.0,1,90.0,2,45.0,1,
2119,-63.0,1,
2121,45.0,1,
105,0.0,5,
106,0.0,1,
107,0.0,5,
108,0.0,1,45.0,1,
109,90.0,1,-68.0,1,45.0,3,
110,-72.0,1,-63.0,3,90.0,2,
111,-72.0,1,-63.0,1,90.0,1,
117,90.0,1,
118,56.0,1,53.0,1,63.0,1,
119,56.0,1,90.0,1,59.0,1,45.0,1,
120,45.0,2,63.0,1,
2200,90.0,1,45.0,1,
2201,56.0,1,45.0,2,63.0,1,
2202,68.0,1,45.0,2,
2203,72.0,1,90.0,1,
2204,-79.0,1,90.0,1,45.0,1,
2205,-63.0,1,90.0,2,45.0,2,
2206,-63.0,1,45.0,2,
2207,-45.0,1,
2209,45.0,1,
2210,72.0,1,
2211,90.0,1,
2212,72.0,1,90.0,1,76.0,1,
2213,72.0,1,90.0,1,76.0,1,
2214,90.0,3,
2215,90.0,3,
2216,-72.0,1,90.0,1,-76.0,1,
2217,-76.0,1,45.0,1,
2218,90.0,1,
2220,-63.0,1,
2221,45.0,1,
205,0.0,5,
206,0.0,1,
207,0.0,4,45.0,1,
208,0.0,1,-63.0,1,-53.0,1,45.0,3,
209,-63.0,2,90.0,1,45.0,2,
210,90.0,1,
212,90.0,1,
213,90.0,2,45.0,1,
214,90.0,3,45.0,1,
215,90.0,3,45.0,1,79.0,1,
216,45.0,1,
218,45.0,1,
219,45.0,2,63.0,1,
220,45.0,3,
221,45.0,3,
2300,45.0,1,
2301,45.0,1,
2302,72.0,1,90.0,1,76.0,1,
2303,90.0,2,76.0,1,
2304,90.0,3,
2305,-63.0,1,90.0,1,
2307,45.0,1,
2311,72.0,1,
2312,90.0,1,
2318,90.0,1,
2319,-63.0,1,
2320,45.0,1,
305,0.0,5,
306,0.0,1,
307,0.0,2,90.0,1,27.0,1,63.0,1,
308,72.0,1,45.0,4,
309,90.0,1,
310,-63.0,1,
311,-72.0,1,90.0,1,-68.0,1,45.0,2,
312,-72.0,2,-68.0,1,90.0,1,-76.0,1,
313,90.0,3,-76.0,2,
314,90.0,3,
315,90.0,4,
316,72.0,3,90.0,2,68.0,1,
317,90.0,2,79.0,1,45.0,2,63.0,1,
318,90.0,1,63.0,2,
319,27.0,1,45.0,1,
320,0.0,1,45.0,2,
321,34.0,2,45.0,1,
322,45.0,1,
2401,45.0,1,
2402,45.0,1,
2405,45.0,1,
2406,-63.0,1,
2412,45.0,1,
2413,72.0,1,
2414,90.0,1,
2415,90.0,1,
2416,90.0,1,
2417,-72.0,1,
2418,90.0,1,
405,0.0,5,
406,0.0,1,
408,45.0,1,
409,-63.0,1,
410,-56.0,1,90.0,3,45.0,1,
411,-63.0,2,90.0,1,45.0,1,
412,-72.0,1,
417,90.0,1,45.0,2,
418,90.0,1,45.0,3,63.0,1,
419,45.0,3,
420,18.0,1,27.0,2,
421,27.0,1,45.0,1,
422,45.0,1,
2502,63.0,1,
2503,90.0,1,
2504,90.0,1,
2505,-63.0,1,
505,0.0,5,
506,0.0,1,
508,45.0,1,
509,-56.0,1,45.0,4,
510,45.0,3,
511,90.0,1,
518,0.0,2,45.0,1,
519,27.0,2,45.0,1,
520,0.0,3,45.0,1,
522,0.0,2,45.0,1,
605,0.0,5,
606,0.0,1,
607,0.0,1,
608,0.0,1,45.0,3,
609,-45.0,1,45.0,3,
610,45.0,1,
617,-27.0,1,
618,0.0,2,45.0,1,
619,0.0,1,-27.0,1,
620,0.0,2,27.0,1,-27.0,1,
622,0.0,3,
705,0.0,5,
706,0.0,1,
707,-45.0,1,
708,0.0,1,-45.0,2,45.0,1,
709,45.0,1,
716,45.0,1,
717,45.0,1,
718,0.0,2,
719,-45.0,3,
720,0.0,1,-45.0,2,45.0,1,
721,0.0,1,-27.0,1,
722,0.0,2,45.0,1,
805,0.0,5,
806,0.0,1,
807,0.0,1,-45.0,1,-27.0,1,
808,0.0,1,-45.0,1,45.0,1,-34.0,1,
809,45.0,1,
814,90.0,1,
815,-76.0,1,
816,-63.0,1,
817,45.0,2,
818,90.0,1,45.0,3,
819,-45.0,1,45.0,2,
820,0.0,1,-45.0,1,45.0,1,
821,-45.0,2,
822,0.0,1,
905,0.0,5,
906,0.0,1,
907,0.0,3,-45.0,1,45.0,1,
908,0.0,2,-45.0,1,
914,0.0,1,45.0,1,
915,90.0,3,
916,-72.0,1,-79.0,1,90.0,2,
917,-72.0,1,-63.0,1,90.0,1,-68.0,1,45.0,1,
918,-72.0,1,90.0,1,45.0,1,
919,45.0,3,
920,0.0,1,45.0,2,
921,-45.0,1,45.0,2,
922,45.0,1,
1005,0.0,5,
1006,0.0,1,
1007,0.0,5,
1008,0.0,1,
1014,0.0,3,
1015,0.0,1,90.0,2,
1016,90.0,1,45.0,1,
1017,90.0,1,63.0,1,
1018,-72.0,1,-63.0,1,90.0,1,63.0,1,
1019,-63.0,1,90.0,1,-68.0,1,45.0,1,
1020,-63.0,2,
1021,45.0,1,
1105,0.0,5,
1106,0.0,1,
1107,0.0,4,27.0,1,
1108,0.0,1,
1114,0.0,2,90.0,1,
1115,0.0,2,68.0,1,
1116,0.0,1,63.0,1,
1117,45.0,1,
1118,72.0,1,56.0,1,45.0,1,
1119,37.0,1,63.0,2,
1120,90.0,1,63.0,1,
1121,45.0,1,
1205,0.0,5,
1206,0.0,1,
1207,0.0,2,18.0,1,27.0,1,45.0,1,
1208,0.0,2,
1214,0.0,2,
1215,72.0,1,90.0,2,27.0,1,
1216,0.0,1,90.0,2,76.0,1,45.0,1,79.0,1,
1217,90.0,1,68.0,1,45.0,1,
1218,45.0,1,
1219,0.0,1,56.0,1,27.0,1,45.0,1,
1220,90.0,1,45.0,1,63.0,2,
1221,27.0,1,45.0,1,
1305,0.0,5,
1306,0.0,1,
1307,0.0,1,27.0,1,45.0,1,
1308,18.0,2,27.0,2,
1316,56.0,1,45.0,2,
1317,90.0,2,45.0,2,63.0,1,
1318,56.0,1,45.0,1,53.0,1,
1319,45.0,2,
1320,0.0,1,90.0,1,27.0,2,
1321,34.0,1,45.0,2,
1405,0.0,5,
1406,0.0,1,
1407,0.0,1,45.0,1,
1408,0.0,2,27.0,1,45.0,2,37.0,1,
1409,45.0,1,
1417,45.0,4,
1418,0.0,2,56.0,1,45.0,2,
1419,27.0,1,45.0,1,
1420,0.0,2,27.0,1,
1421,0.0,1,27.0,1,45.0,1,
1422,0.0,1,
1505,0.0,5,
1506,0.0,1,
1508,0.0,1,27.0,2,45.0,2,
1509,45.0,3,
1510,45.0,1,
1517,-45.0,1,
1518,0.0,2,
1519,27.0,2,45.0,1,
1520,0.0,2,-45.0,1,
1522,0.0,2,45.0,1,
1601,45.0,1,
1605,0.0,4,-18.0,1,
1606,0.0,1,
1607,72.0,1,
1608,45.0,3,
1609,0.0,1,45.0,4,
1610,45.0,1,63.0,1,
1611,79.0,1,
1615,45.0,1,
1616,-68.0,1,
1617,45.0,1,
1618,0.0,2,
1619,0.0,1,45.0,1,-34.0,1,-27.0,1,
1620,0.0,3,
1621,45.0,1,
1622,0.0,2,45.0,1,
1700,-59.0,1,
1701,59.0,1,
1702,90.0,1,
1704,45.0,1,
1705,0.0,5,
1706,0.0,1,
1707,-79.0,1,
1708,53.0,1,
1709,45.0,3,
1710,90.0,1,45.0,2,63.0,1,
1711,63.0,1,
1712,79.0,1,
1713,90.0,1,
1714,90.0,1,
1715,-76.0,1,
1717,45.0,1,
1718,90.0,1,45.0,3,
1719,-45.0,1,45.0,2,
1720,-45.0,2,45.0,1,
1721,0.0,1,-27.0,1,
1722,0.0,2,
1800,34.0,1,45.0,1,
1801,76.0,1,
1802,56.0,1,
1803,90.0,1,
1804,-72.0,1,
1805,0.0,3,-27.0,1,
1806,0.0,1,-34.0,1,
1807,90.0,2,-27.0,1,
1808,45.0,3,
1809,59.0,1,
1810,45.0,4,63.0,1,
1811,72.0,1,45.0,1,63.0,2,
1812,90.0,1,68.0,1,
1813,79.0,1,
1814,90.0,1,
1815,90.0,1,
1816,-79.0,1,90.0,1,
1817,90.0,3,-68.0,1,45.0,1,
1818,-56.0,1,-63.0,1,90.0,1,
1820,0.0,2,-45.0,1,
1821,-45.0,2,
1822,0.0,1,
1900,90.0,1,-53.0,1,45.0,3,
1901,72.0,2,45.0,1,63.0,2,
1902,59.0,1,45.0,1,
1904,90.0,1,
1905,90.0,1,-45.0,3,45.0,1,
1906,0.0,1,45.0,1,
1907,0.0,2,-45.0,1,-27.0,1,
1908,45.0,4,
1909,59.0,1,45.0,1,
1910,76.0,1,45.0,1,
1911,63.0,1,45.0,1,79.0,1,
1912,72.0,1,90.0,2,79.0,1,
1913,90.0,3,76.0,1,
1914,90.0,4,
1915,-72.0,1,-79.0,1,90.0,2,
1916,-72.0,1,90.0,1,-76.0,2,
1917,-72.0,1,-63.0,1,
1919,90.0,1,45.0,2,
1920,-56.0,1,45.0,2,
1921,45.0,2,
1922,0.0,1,
2000,0.0,1,-63.0,1,90.0,1,37.0,1,
2001,45.0,1,63.0,1,
2002,56.0,1,79.0,1,53.0,1,63.0,1,
2003,90.0,4,45.0,1,
2004,-72.0,1,-63.0,1,90.0,1,-76.0,2,
2005,90.0,1,45.0,2,
2006,0.0,1,45.0,1,
2007,0.0,1,-45.0,3,
2008,90.0,1,45.0,2,
2009,56.0,2,63.0,1,
2010,59.0,1,45.0,1,
2011,72.0,1,45.0,1,
2012,56.0,1,
2013,90.0,1,
2017,45.0,1,
2018,90.0,3,45.0,1,
2019,-72.0,1,45.0,4,
2020,45.0,2,
2021,45.0,1,
2022,0.0,1,
