5,0.0,2,90.0,3,
6,90.0,6,
7,90.0,6,
8,0.0,1,
10,90.0,1,
11,-79.0,1,90.0,3,45.0,1,
12,-72.0,3,-79.0,1,90.0,1,-76.0,1,
13,-79.0,1,90.0,4,-76.0,1,
14,-79.0,1,90.0,5,
15,90.0,5,79.0,1,
16,72.0,1,90.0,2,76.0,1,79.0,2,
17,72.0,3,90.0,1,76.0,1,79.0,1,
18,72.0,1,68.0,1,45.0,1,63.0,1,
19,72.0,1,90.0,1,45.0,1,
2100,45.0,2,
2101,56.0,1,45.0,1,
2102,56.0,1,68.0,1,63.0,1,
2103,90.0,1,45.0,1,
2104,-79.0,1,90.0,1,45.0,1,
2105,-72.0,1,45.0,2,
2106,45.0,1,
2107,0.0,1,-45.0,1,
2109,72.0,1,90.0,1,
2110,72.0,1,90.0,1,
2111,-72.0,1,90.0,1,
2112,56.0,2,
2118,-63.0,1,45.0,1,
2119,-63.0,1,45.0,1,
105,0.0,5,
106,0.0,1,
107,0.0,5,
108,0.0,1,
109,-63.0,1,45.0,1,
110,-72.0,2,-63.0,3,-59.0,1,
111,-72.0,2,-63.0,1,45.0,1,
117,90.0,1,
118,56.0,1,53.0,1,63.0,1,
119,56.0,2,45.0,1,
120,56.0,1,45.0,2,
121,45.0,1,
2200,45.0,2,
2202,45.0,1,
2203,72.0,1,90.0,1,
2204,-63.0,1,45.0,1,
2206,0.0,2,
2207,45.0,1,
2213,72.0,2,
2214,72.0,1,90.0,1,
2215,90.0,2,
2216,90.0,2,
2217,90.0,2,
2218,-63.0,1,45.0,1,
205,0.0,5,
206,0.0,1,
207,0.0,5,
208,0.0,1,45.0,4,
209,-56.0,1,-63.0,2,90.0,1,45.0,1,-51.0,1,
210,45.0,1,
212,90.0,2,45.0,1,
213,90.0,3,-76.0,2,45.0,1,
214,90.0,5,-76.0,1,
215,90.0,5,79.0,1,
216,90.0,1,76.0,1,79.0,1,
217,72.0,1,90.0,1,79.0,1,
218,90.0,1,45.0,1,
219,45.0,3,
220,45.0,2,
221,34.0,1,45.0,2,
2300,45.0,2,
2301,56.0,1,63.0,1,
2305,90.0,1,
2306,45.0,2,
305,0.0,5,
306,0.0,1,
307,0.0,4,63.0,1,
308,72.0,1,-45.0,2,45.0,3,
309,45.0,1,
310,-63.0,1,90.0,1,45.0,1,
311,-72.0,1,-56.0,1,90.0,2,-68.0,1,-63.0,1,
312,-72.0,5,45.0,1,
313,90.0,1,45.0,1,
315,45.0,2,
316,72.0,2,68.0,1,
317,90.0,1,45.0,3,
318,90.0,1,51.0,1,53.0,1,
319,34.0,1,45.0,4,
320,0.0,1,45.0,1,
321,34.0,1,27.0,1,
322,27.0,1,
2401,45.0,1,
2402,72.0,1,56.0,1,
2403,90.0,2,
2404,90.0,2,
2405,-72.0,1,90.0,1,
405,0.0,5,
406,0.0,1,
407,90.0,1,45.0,2,
408,45.0,1,
409,-56.0,1,45.0,3,
410,-56.0,1,90.0,3,45.0,2,
411,45.0,1,
417,45.0,2,37.0,1,
418,45.0,2,
419,34.0,1,27.0,1,45.0,1,
420,0.0,3,18.0,1,
421,0.0,2,
422,0.0,2,45.0,1,
505,0.0,5,
506,0.0,1,
508,0.0,1,45.0,2,
509,-45.0,1,45.0,5,
517,45.0,1,
518,0.0,1,45.0,2,
519,0.0,1,-18.0,1,
520,0.0,3,-45.0,1,
522,0.0,3,
605,0.0,5,
606,0.0,1,
607,0.0,1,
608,-45.0,2,45.0,2,-34.0,2,
609,45.0,2,
617,-27.0,1,
618,0.0,2,45.0,2,
619,-45.0,2,-34.0,1,
620,0.0,2,-27.0,1,45.0,1,
621,-45.0,1,-27.0,1,
622,-45.0,1,45.0,1,
705,0.0,5,
706,0.0,1,
707,-45.0,1,
708,0.0,3,-45.0,2,
716,90.0,1,45.0,1,
717,-72.0,1,90.0,2,-68.0,1,
718,-56.0,1,-63.0,1,-45.0,2,-72.0,1,
719,90.0,1,-34.0,1,
720,-45.0,2,45.0,2,
721,-45.0,2,45.0,1,
722,45.0,1,
805,0.0,5,
806,0.0,1,
807,0.0,3,-45.0,1,-27.0,1,
808,0.0,1,45.0,1,
814,90.0,1,
815,90.0,3,
816,-63.0,1,90.0,3,
817,90.0,1,45.0,3,
818,45.0,2,
819,-72.0,2,45.0,3,
820,-56.0,3,45.0,2,
821,45.0,1,
905,0.0,5,
906,0.0,1,
907,0.0,4,-45.0,1,
908,0.0,1,
912,90.0,1,
913,90.0,1,
914,0.0,1,45.0,1,
915,0.0,2,90.0,2,
916,0.0,1,-72.0,1,90.0,1,
917,-63.0,1,90.0,1,45.0,1,
918,-56.0,1,45.0,1,
919,-63.0,1,90.0,1,27.0,1,45.0,1,59.0,1,
920,90.0,1,45.0,3,
1005,0.0,5,
1006,0.0,1,
1007,0.0,5,
1008,18.0,1,45.0,1,
1010,45.0,3,
1011,-56.0,1,90.0,1,45.0,1,-59.0,1,
1012,-72.0,1,90.0,2,
1013,90.0,1,76.0,1,63.0,1,
1014,0.0,3,56.0,2,45.0,1,
1015,90.0,2,45.0,1,
1016,72.0,1,76.0,1,79.0,1,
1017,72.0,1,68.0,1,45.0,1,63.0,1,
1018,56.0,1,-63.0,2,90.0,1,45.0,1,63.0,1,
1019,45.0,1,
1020,90.0,1,45.0,2,
1021,45.0,3,
1105,0.0,5,
1106,0.0,1,
1107,0.0,3,45.0,1,
1108,0.0,2,14.0,1,
1109,45.0,1,
1110,-53.0,1,-27.0,1,-34.0,1,-45.0,1,
1111,0.0,1,-45.0,1,45.0,1,
1112,72.0,1,-56.0,1,-76.0,1,-79.0,1,
1113,56.0,1,45.0,2,63.0,1,
1114,0.0,2,90.0,1,27.0,1,45.0,1,
1115,0.0,1,27.0,1,68.0,1,45.0,1,
1116,56.0,1,
1117,45.0,1,
1118,45.0,5,63.0,1,
1119,45.0,4,
1121,0.0,1,34.0,1,37.0,1,
1122,0.0,1,
1205,0.0,5,
1206,0.0,1,
1207,0.0,3,
1208,27.0,1,45.0,1,22.0,1,
1209,-34.0,1,
1210,0.0,4,45.0,2,
1211,-72.0,1,-79.0,1,90.0,1,-45.0,1,0.0,2,
1212,72.0,1,90.0,1,45.0,2,
1213,34.0,1,27.0,2,45.0,2,
1214,0.0,2,27.0,1,
1215,0.0,2,72.0,1,90.0,1,18.0,1,
1216,90.0,3,
1217,45.0,1,
1218,45.0,2,
1219,0.0,1,34.0,1,37.0,1,45.0,1,27.0,1,63.0,1,
1220,0.0,1,
1221,0.0,2,
1222,0.0,2,27.0,1,
1305,0.0,5,
1306,0.0,1,
1307,0.0,1,45.0,1,14.0,1,
1308,0.0,1,27.0,2,
1309,0.0,2,45.0,1,
1310,0.0,2,-45.0,1,45.0,2,14.0,1,
1311,0.0,1,90.0,1,27.0,2,45.0,1,
1312,0.0,1,90.0,2,18.0,1,
1313,0.0,1,27.0,1,-27.0,2,45.0,1,
1314,0.0,1,45.0,1,
1315,0.0,3,
1316,90.0,2,
1317,34.0,1,45.0,1,63.0,1,
1319,0.0,1,45.0,4,
1320,0.0,1,18.0,1,27.0,1,45.0,1,
1322,0.0,3,
1405,0.0,5,
1406,0.0,1,
1407,0.0,1,45.0,2,
1408,45.0,2,
1409,0.0,2,27.0,1,34.0,1,-45.0,1,39.0,1,
1410,0.0,1,27.0,1,18.0,1,34.0,1,45.0,2,
1411,45.0,4,
1412,51.0,1,34.0,1,-45.0,1,45.0,2,53.0,1,
1413,0.0,3,-45.0,1,45.0,2,
1414,0.0,1,27.0,1,-27.0,2,
1415,0.0,1,45.0,2,
1417,45.0,3,
1418,0.0,1,45.0,2,
1419,-37.0,1,45.0,1,-34.0,1,
1420,0.0,2,27.0,1,45.0,1,
1421,0.0,1,45.0,1,
1422,0.0,3,
1505,0.0,5,
1506,0.0,1,
1507,0.0,2,45.0,1,
1508,37.0,1,45.0,3,
1509,0.0,2,27.0,1,45.0,3,
1510,0.0,3,56.0,1,59.0,1,-76.0,1,
1511,0.0,1,27.0,2,45.0,2,
1512,-45.0,1,45.0,2,
1513,0.0,3,45.0,1,
1514,0.0,3,45.0,1,63.0,1,
1515,0.0,1,90.0,1,
1517,0.0,1,90.0,1,
1518,0.0,1,-63.0,1,90.0,1,45.0,3,
1519,45.0,3,
1520,0.0,1,45.0,2,
1521,-34.0,2,
1522,-27.0,1,
1600,45.0,1,
1601,90.0,2,79.0,1,
1605,0.0,3,-45.0,1,-27.0,1,
1606,0.0,1,
1607,-27.0,2,
1608,56.0,1,90.0,1,27.0,2,45.0,2,
1609,0.0,2,-68.0,1,45.0,1,63.0,2,
1610,0.0,1,45.0,2,
1611,0.0,1,90.0,1,45.0,1,
1612,0.0,1,
1613,0.0,1,-34.0,1,
1614,0.0,2,45.0,1,
1615,72.0,1,90.0,1,76.0,1,
1616,90.0,3,
1617,90.0,2,-76.0,1,45.0,1,
1618,0.0,2,90.0,1,
1619,0.0,1,
1620,0.0,3,-45.0,1,45.0,1,
1621,0.0,1,45.0,2,
1622,45.0,1,
1700,0.0,1,45.0,2,
1701,90.0,1,45.0,1,
1702,56.0,1,59.0,1,53.0,1,
1703,90.0,1,45.0,1,79.0,1,
1704,90.0,1,-76.0,1,
1705,0.0,3,-56.0,1,-45.0,1,45.0,1,
1707,0.0,1,-27.0,1,-34.0,1,63.0,1,
1708,45.0,3,
1709,0.0,2,45.0,2,63.0,2,
1710,72.0,1,68.0,1,76.0,1,45.0,2,
1711,90.0,3,27.0,1,45.0,1,
1712,-79.0,1,90.0,1,-45.0,2,-76.0,1,
1713,56.0,1,59.0,1,68.0,1,45.0,1,63.0,1,
1714,0.0,2,90.0,1,45.0,1,79.0,1,
1715,90.0,1,
1716,-76.0,1,
1718,0.0,2,
1719,-63.0,1,90.0,1,-45.0,1,
1720,0.0,2,-56.0,1,90.0,1,45.0,1,
1721,45.0,1,
1800,45.0,4,
1801,90.0,1,59.0,1,
1802,45.0,1,
1803,90.0,2,
1804,-72.0,1,90.0,1,45.0,1,
1805,0.0,2,-27.0,1,
1806,45.0,2,
1807,0.0,3,-45.0,1,
1808,59.0,1,45.0,2,
1809,76.0,1,45.0,2,
1810,27.0,1,45.0,1,
1811,90.0,1,45.0,2,
1812,45.0,2,
1813,0.0,2,
1814,72.0,1,76.0,1,45.0,1,63.0,1,
1815,72.0,1,90.0,1,79.0,1,
1816,90.0,3,
1817,90.0,2,-76.0,1,45.0,1,
1818,0.0,1,-68.0,1,90.0,2,-76.0,1,45.0,1,
1819,90.0,2,-45.0,1,45.0,1,
1820,0.0,2,45.0,1,
1900,27.0,1,
1901,56.0,2,63.0,1,
1902,68.0,1,76.0,1,63.0,2,
1903,90.0,1,79.0,1,
1904,90.0,2,45.0,1,
1905,0.0,2,-72.0,1,90.0,1,-76.0,1,
1906,90.0,2,45.0,1,-34.0,1,
1907,90.0,2,
1909,90.0,2,45.0,1,
1910,90.0,2,45.0,1,
1911,45.0,1,
1912,59.0,1,
1913,27.0,1,63.0,2,
1914,90.0,2,
1915,90.0,1,
1916,90.0,2,
1917,-56.0,1,-76.0,1,45.0,1,
1918,45.0,1,
1919,45.0,1,
1920,0.0,2,
2000,45.0,2,
2001,72.0,1,90.0,2,
2002,45.0,1,
2003,90.0,2,
2004,90.0,2,
2005,0.0,2,90.0,1,45.0,1,
2006,45.0,1,
2007,0.0,2,
2008,56.0,2,
2009,45.0,1,
2013,90.0,1,
2014,45.0,1,79.0,1,
2015,90.0,2,
2016,-79.0,1,90.0,1,
2019,45.0,2,
2020,45.0,1,
