514,27.0,1,45.0,2,
515,0.0,1,45.0,1,
4,0.0,2,90.0,4,
5,90.0,6,
6,0.0,1,90.0,3,
8,90.0,2,45.0,1,
9,-72.0,1,90.0,2,-76.0,1,-81.0,1,
10,90.0,2,-76.0,2,-82.0,1,-81.0,1,
11,90.0,5,-76.0,1,
12,90.0,3,76.0,2,82.0,1,
13,81.0,1,74.0,1,76.0,3,90.0,1,
14,72.0,1,90.0,1,76.0,1,45.0,1,79.0,1,
15,90.0,1,76.0,1,45.0,1,
921,0.0,1,-79.0,1,
2116,-63.0,1,
516,0.0,3,34.0,1,
1701,51.0,1,
1418,27.0,1,
517,0.0,1,45.0,1,
1416,18.0,1,45.0,3,
518,0.0,1,45.0,1,
308,90.0,1,45.0,1,
1116,0.0,2,56.0,1,90.0,2,37.0,1,
307,-63.0,1,45.0,1,
905,0.0,1,
2100,34.0,1,90.0,1,45.0,3,
1118,90.0,1,-76.0,1,
2102,90.0,3,
2103,90.0,2,45.0,1,
2104,90.0,1,45.0,1,
2105,0.0,2,45.0,2,
2106,0.0,2,
2107,90.0,1,45.0,2,
2108,72.0,2,90.0,1,63.0,1,
2109,72.0,1,74.0,1,
2110,82.0,1,90.0,1,
2111,90.0,1,76.0,1,
1417,0.0,1,45.0,1,
2113,90.0,2,-74.0,1,
2114,-72.0,1,-63.0,1,90.0,1,
2115,90.0,1,45.0,1,
1604,0.0,5,-27.0,1,
1818,0.0,1,-45.0,1,
1606,72.0,1,45.0,2,
1607,27.0,1,45.0,4,
1608,90.0,1,45.0,1,
1609,72.0,1,
1610,90.0,1,
1613,90.0,1,
1614,0.0,2,-63.0,1,-27.0,1,
1615,0.0,1,
1104,0.0,6,
1105,0.0,2,
1106,0.0,3,27.0,1,
1111,0.0,3,
1112,0.0,1,90.0,1,
1113,72.0,1,0.0,1,90.0,1,
1114,-63.0,1,63.0,3,
1115,45.0,1,63.0,1,
604,0.0,6,
1117,0.0,1,90.0,2,
606,0.0,1,45.0,2,
607,0.0,1,45.0,5,
1120,0.0,3,90.0,1,
1121,90.0,1,
1122,0.0,2,
614,0.0,2,-27.0,1,
615,-45.0,1,
104,0.0,6,
105,0.0,2,
106,0.0,4,
107,-72.0,1,-63.0,1,90.0,1,45.0,1,
108,-72.0,2,-63.0,3,90.0,1,
109,-72.0,1,-76.0,1,
616,0.0,4,27.0,1,
114,72.0,1,68.0,1,63.0,1,
115,59.0,1,45.0,4,63.0,1,
116,90.0,1,53.0,1,45.0,1,
617,-27.0,1,
2101,56.0,1,63.0,1,
1518,45.0,1,
704,0.0,6,
618,0.0,2,
2412,90.0,1,
706,0.0,1,-45.0,3,
2413,-76.0,1,
1816,0.0,3,-45.0,1,45.0,1,
707,0.0,1,-45.0,1,
2414,-76.0,1,
2200,45.0,4,
2201,45.0,2,63.0,3,
2202,72.0,1,82.0,1,
2203,90.0,1,-81.0,1,
2204,-63.0,1,90.0,1,45.0,3,
2205,45.0,3,
2206,-45.0,1,
2207,90.0,1,
2208,45.0,1,63.0,1,
2209,90.0,1,76.0,2,
2210,76.0,1,90.0,1,68.0,1,
2211,90.0,3,
2212,90.0,2,79.0,1,
2213,-79.0,1,90.0,2,
2214,-79.0,1,45.0,1,
1703,45.0,1,
1704,0.0,5,-45.0,1,
1706,90.0,1,
1707,56.0,1,27.0,1,45.0,3,
1708,56.0,1,45.0,2,
1710,90.0,1,
1711,81.0,1,
1712,90.0,1,
1713,90.0,2,
1714,0.0,1,-45.0,1,45.0,1,
1716,0.0,2,27.0,1,-45.0,2,-27.0,1,
1205,0.0,1,45.0,1,
1206,0.0,4,18.0,1,
1211,0.0,2,90.0,1,
1212,0.0,1,74.0,1,76.0,1,90.0,1,
1213,59.0,1,63.0,1,
1214,56.0,1,45.0,3,
1215,56.0,2,0.0,1,45.0,2,
1216,0.0,2,72.0,1,90.0,1,63.0,1,
1217,0.0,1,90.0,3,27.0,1,63.0,1,
1218,82.0,1,76.0,1,90.0,1,79.0,1,
1219,90.0,1,45.0,1,82.0,1,79.0,1,
1220,-72.0,1,0.0,1,-45.0,1,79.0,1,
1221,90.0,1,
1222,0.0,2,
1313,90.0,1,63.0,3,
716,0.0,5,-27.0,1,
714,-45.0,3,45.0,1,
715,45.0,1,
204,0.0,6,
205,0.0,2,
206,0.0,3,59.0,1,45.0,2,
207,-56.0,2,90.0,3,45.0,1,
208,-63.0,1,45.0,1,
210,90.0,1,
211,90.0,2,
212,90.0,1,
213,76.0,1,
215,56.0,1,45.0,2,
216,63.0,1,37.0,1,45.0,1,
804,0.0,6,
1914,-72.0,1,-76.0,1,
1317,34.0,1,27.0,1,90.0,1,
1319,90.0,1,76.0,1,
1318,90.0,1,
922,90.0,1,
1916,0.0,1,45.0,1,
807,0.0,2,
1918,45.0,1,
2300,27.0,1,
2301,90.0,1,63.0,2,
2302,90.0,1,76.0,1,45.0,1,79.0,1,
2303,90.0,2,-76.0,2,
2304,-63.0,1,-76.0,1,45.0,1,
2305,45.0,1,
2306,45.0,1,
2308,90.0,1,
2309,72.0,1,
1800,37.0,1,45.0,1,
1801,45.0,1,
1802,72.0,1,
1803,-76.0,1,
1804,0.0,4,-27.0,1,
1805,-45.0,1,-27.0,1,
1806,45.0,3,
1807,45.0,1,63.0,1,
1808,56.0,1,68.0,1,45.0,3,63.0,1,
1809,59.0,1,67.0,1,45.0,1,
1810,82.0,1,
1811,90.0,1,
1812,-81.0,1,
1813,90.0,1,-68.0,1,45.0,1,
1814,45.0,2,
1815,-63.0,2,45.0,1,
1304,0.0,6,
1306,0.0,2,18.0,1,27.0,2,45.0,1,
1307,0.0,1,
1413,45.0,1,
1312,0.0,1,45.0,1,
816,-45.0,3,45.0,3,
1314,76.0,1,45.0,1,
1315,27.0,1,45.0,2,63.0,1,
1316,56.0,1,34.0,1,45.0,2,
504,0.0,6,
806,0.0,2,-45.0,1,-27.0,1,-34.0,1,
817,90.0,1,45.0,1,
1320,90.0,2,
1321,90.0,1,
1322,0.0,1,90.0,1,
1415,45.0,2,-18.0,1,
812,90.0,1,
813,-79.0,1,90.0,1,45.0,1,
814,-63.0,1,45.0,3,
815,0.0,1,45.0,1,
304,0.0,6,
305,0.0,2,
306,0.0,1,90.0,3,45.0,2,
819,-81.0,1,
820,-81.0,1,
309,-72.0,3,90.0,1,
310,90.0,3,-76.0,2,-82.0,1,
311,90.0,3,-76.0,2,
312,82.0,1,76.0,2,90.0,2,
313,72.0,2,90.0,2,79.0,1,63.0,1,
314,56.0,1,90.0,1,79.0,1,
315,0.0,1,90.0,1,45.0,1,
316,0.0,1,27.0,2,45.0,1,
317,27.0,2,45.0,1,
2117,45.0,1,
821,90.0,1,
2016,90.0,1,
1204,0.0,6,
2017,0.0,1,45.0,1,
1119,81.0,1,90.0,1,
2415,45.0,1,
717,0.0,1,
608,-63.0,1,45.0,1,
911,90.0,1,
718,0.0,1,-27.0,1,
2400,45.0,1,
2401,63.0,1,
217,45.0,2,
2404,45.0,1,
2405,45.0,1,
913,-72.0,1,-63.0,1,-76.0,1,
2409,45.0,1,
2410,76.0,1,
2411,76.0,1,
1900,90.0,2,-53.0,1,45.0,2,
1901,90.0,1,45.0,3,53.0,1,
1902,90.0,1,
1903,-63.0,1,
1904,0.0,2,90.0,1,-45.0,2,45.0,1,
1905,0.0,2,45.0,1,-27.0,1,
1906,56.0,1,-45.0,1,45.0,1,63.0,1,
1907,56.0,1,45.0,1,
1908,45.0,1,63.0,1,
1909,72.0,2,76.0,1,45.0,1,
1910,72.0,1,76.0,2,79.0,1,
1911,90.0,4,
1912,90.0,4,
1913,-72.0,1,-79.0,2,90.0,1,
916,90.0,2,45.0,2,
1915,-53.0,1,45.0,2,-45.0,1,
1404,0.0,6,
1917,0.0,1,-45.0,1,
1406,0.0,2,27.0,2,37.0,1,
1407,45.0,2,
2112,90.0,1,-82.0,1,
406,90.0,1,
1414,34.0,1,45.0,2,63.0,1,
1601,45.0,1,
904,0.0,6,
1004,0.0,6,
906,0.0,4,-45.0,1,-27.0,1,
407,45.0,2,
1420,90.0,1,
1421,90.0,1,
1422,90.0,1,
1517,27.0,1,-45.0,1,
912,0.0,1,90.0,1,-82.0,1,
920,90.0,4,
914,-76.0,1,45.0,1,
915,-63.0,1,90.0,1,45.0,4,
404,0.0,6,
917,0.0,2,90.0,1,-81.0,1,
918,90.0,1,-82.0,1,
919,90.0,3,
408,-72.0,2,-63.0,1,-56.0,1,
409,-63.0,2,90.0,1,45.0,1,
410,-63.0,1,45.0,1,
413,45.0,3,
414,90.0,1,45.0,3,
415,34.0,1,45.0,1,63.0,1,
416,0.0,1,27.0,1,45.0,1,
417,27.0,2,
418,27.0,1,
2315,-72.0,1,
2009,72.0,1,
2316,90.0,1,
1618,0.0,2,
2501,90.0,1,
2502,76.0,1,
2503,-76.0,1,
2504,-72.0,1,
1019,-79.0,1,90.0,1,
1718,0.0,1,-27.0,1,
2000,0.0,1,-56.0,1,45.0,1,37.0,1,
2001,45.0,1,63.0,3,
2002,81.0,1,90.0,2,45.0,1,63.0,1,
2003,-72.0,1,90.0,3,-81.0,1,
2004,0.0,1,-63.0,1,45.0,3,
2005,0.0,1,-45.0,2,
2006,90.0,1,-45.0,1,45.0,2,
2007,56.0,2,45.0,1,63.0,1,
2008,68.0,1,45.0,1,
1700,-56.0,1,
2010,90.0,1,
2215,-63.0,1,
2014,90.0,1,-68.0,1,45.0,1,
2015,-63.0,1,90.0,1,45.0,2,
1504,0.0,6,
1616,0.0,3,-45.0,1,45.0,1,-18.0,1,
1506,0.0,1,45.0,3,
1507,27.0,1,45.0,2,
1508,53.0,1,
1617,0.0,1,45.0,1,
818,0.0,1,-45.0,1,-81.0,1,
508,-56.0,1,45.0,2,
1514,0.0,1,27.0,1,45.0,2,
1515,-45.0,1,45.0,1,
1516,0.0,3,18.0,1,
1005,0.0,2,
1006,0.0,4,
509,90.0,1,
2216,45.0,1,
1011,0.0,3,
1012,0.0,1,90.0,1,-76.0,1,
1013,90.0,1,45.0,1,
1014,-72.0,1,-63.0,1,90.0,1,45.0,1,
1015,-63.0,1,90.0,2,59.0,1,45.0,1,
1016,0.0,1,-63.0,1,90.0,2,-72.0,1,
1017,81.0,1,90.0,1,-76.0,1,45.0,1,79.0,1,
1018,-79.0,1,90.0,2,45.0,1,
507,45.0,4,
1020,0.0,3,90.0,2,
1021,0.0,1,90.0,1,
1022,0.0,1,90.0,1,
