1807,0.0,1,90.0,1,-45.0,3,
515,45.0,1,
516,56.0,1,45.0,2,
517,45.0,4,
6,90.0,6,
7,90.0,6,
8,0.0,1,
521,27.0,2,45.0,1,
10,-72.0,1,90.0,3,-76.0,1,
11,-79.0,1,90.0,4,-76.0,1,
12,-72.0,1,-79.0,1,90.0,3,-76.0,1,
13,-72.0,1,72.0,1,90.0,3,79.0,1,
14,90.0,5,79.0,1,
15,72.0,4,76.0,1,79.0,1,
16,72.0,1,76.0,1,68.0,1,45.0,1,
17,90.0,2,63.0,1,
5,0.0,2,90.0,3,
1416,45.0,1,
518,45.0,3,
1007,0.0,5,
1620,45.0,1,
519,34.0,1,45.0,2,
307,90.0,2,45.0,1,
1705,0.0,1,-45.0,3,45.0,1,
520,0.0,1,
317,45.0,1,
2100,34.0,1,45.0,1,
2101,45.0,1,
2102,72.0,1,90.0,2,
820,0.0,2,45.0,1,
2104,90.0,3,
2105,90.0,2,
2106,45.0,2,
2107,-45.0,1,
2109,90.0,1,
2110,79.0,1,
2111,90.0,2,
2112,90.0,2,
2113,72.0,1,90.0,1,
2114,-79.0,1,90.0,1,
2115,-72.0,1,-68.0,1,
2116,90.0,1,
2117,90.0,1,
1606,0.0,1,
1607,45.0,1,-18.0,1,
1608,45.0,3,
1609,90.0,1,45.0,1,
1610,72.0,2,45.0,2,
1611,72.0,1,90.0,1,63.0,1,
1018,0.0,3,
1613,90.0,3,
1614,90.0,4,
1615,-63.0,2,-76.0,1,45.0,1,
1616,-72.0,1,-63.0,1,45.0,1,
1617,45.0,1,
1618,45.0,3,
1107,0.0,3,45.0,1,
1108,0.0,2,27.0,1,
1621,-45.0,1,
1111,0.0,1,
1112,56.0,1,72.0,1,90.0,1,27.0,1,
1113,0.0,1,90.0,4,
1114,0.0,1,-63.0,1,90.0,3,
1115,0.0,1,-63.0,1,90.0,1,
605,0.0,5,
606,0.0,1,
1119,-45.0,1,-27.0,1,
1120,0.0,3,-45.0,1,
609,45.0,1,
1122,0.0,2,
616,45.0,1,
617,0.0,1,45.0,2,
618,45.0,3,
619,0.0,1,34.0,1,27.0,1,45.0,1,
108,0.0,1,90.0,1,45.0,1,
109,-63.0,4,90.0,1,45.0,1,
622,45.0,1,
111,45.0,1,
115,90.0,1,
116,72.0,1,68.0,1,63.0,1,
117,90.0,2,45.0,1,63.0,2,
118,72.0,1,56.0,1,59.0,1,
105,0.0,5,
106,0.0,1,
107,0.0,5,
1217,0.0,1,
620,0.0,1,27.0,1,
1218,0.0,3,45.0,1,
621,0.0,1,27.0,2,
1505,0.0,5,
110,-63.0,2,90.0,1,45.0,2,
1817,-72.0,1,-63.0,1,90.0,1,45.0,1,
2200,90.0,1,
2201,63.0,2,
2202,90.0,1,
2205,-63.0,1,90.0,1,
2206,90.0,1,45.0,1,
1221,0.0,1,-27.0,1,
1700,-63.0,1,45.0,2,
1701,72.0,1,90.0,1,63.0,1,
1702,59.0,1,
1703,79.0,1,
1704,-76.0,1,
1820,45.0,1,
1706,0.0,1,
1707,-63.0,1,90.0,1,-45.0,2,
1708,45.0,2,63.0,1,
1709,56.0,1,59.0,1,45.0,1,
1710,90.0,2,45.0,1,
1711,72.0,1,45.0,1,
1712,90.0,2,
1713,90.0,3,
1714,90.0,1,45.0,1,
1715,-63.0,1,
1716,90.0,1,
1717,90.0,3,
1206,0.0,1,
1207,0.0,1,18.0,1,45.0,1,
1720,0.0,1,
1721,45.0,1,
1211,18.0,1,
1212,90.0,1,
1213,56.0,1,90.0,1,
1214,90.0,1,-27.0,1,
1215,-72.0,1,
705,0.0,5,
706,0.0,1,
707,0.0,2,-45.0,1,
1220,0.0,4,
709,45.0,1,
1222,0.0,1,
712,90.0,1,
713,90.0,1,
714,90.0,1,
715,90.0,1,
205,0.0,5,
206,0.0,1,
719,34.0,1,27.0,1,45.0,2,
208,0.0,1,-63.0,2,-56.0,1,45.0,2,
209,45.0,2,
722,27.0,1,
212,90.0,1,
718,0.0,1,45.0,1,
214,90.0,1,
217,90.0,1,45.0,1,53.0,1,
218,45.0,3,
219,56.0,2,45.0,1,
1317,0.0,2,45.0,1,
720,0.0,2,
1318,0.0,1,-45.0,2,
721,0.0,1,45.0,1,
807,0.0,3,-45.0,1,-27.0,1,
1917,-56.0,1,90.0,1,
1320,0.0,2,-45.0,1,
9,45.0,1,
1407,45.0,1,
2301,45.0,1,
2302,45.0,1,79.0,1,
2303,90.0,1,79.0,1,
2304,90.0,2,
2305,90.0,2,
213,90.0,1,
1219,0.0,2,
1800,0.0,1,-63.0,1,45.0,2,
1801,90.0,1,
1802,56.0,1,72.0,1,63.0,1,
1803,90.0,2,76.0,1,
1804,-72.0,1,-63.0,1,90.0,1,
1805,-45.0,1,45.0,2,
1806,0.0,1,45.0,1,
813,90.0,3,
1808,90.0,2,45.0,1,
1809,56.0,1,72.0,1,63.0,1,
1810,72.0,1,90.0,1,76.0,1,
1811,79.0,2,
1812,72.0,1,90.0,2,
1813,90.0,2,
1814,-79.0,1,90.0,2,
1815,90.0,2,
1816,-79.0,1,90.0,2,45.0,1,
1305,0.0,5,
1306,0.0,1,
1307,27.0,1,45.0,1,
1308,0.0,1,34.0,1,27.0,1,45.0,2,
1309,45.0,1,
1121,0.0,1,45.0,1,
805,0.0,5,
806,0.0,1,
1319,0.0,1,45.0,1,
808,0.0,2,-45.0,1,
1321,-45.0,1,-27.0,1,
1322,0.0,1,
1118,0.0,3,
818,0.0,1,45.0,1,
814,90.0,3,
815,0.0,1,90.0,1,
1601,79.0,1,
305,0.0,5,
306,0.0,1,
819,0.0,1,27.0,1,14.0,1,
308,90.0,1,45.0,2,
821,45.0,1,
822,0.0,3,
311,-72.0,2,-79.0,1,90.0,1,-68.0,1,
312,-79.0,1,90.0,4,-76.0,1,
313,90.0,4,79.0,1,
314,72.0,3,90.0,2,45.0,1,
315,72.0,1,90.0,2,63.0,1,79.0,1,
316,72.0,1,90.0,1,68.0,1,
1418,45.0,2,
510,45.0,1,
319,45.0,3,
320,45.0,3,
1417,-56.0,1,-45.0,1,45.0,3,
907,0.0,4,-45.0,1,
310,90.0,4,45.0,1,
812,0.0,1,90.0,3,
2212,90.0,1,
1420,0.0,2,
1818,-63.0,1,45.0,1,
2103,90.0,3,
1506,0.0,1,
817,45.0,1,
318,45.0,3,
917,0.0,1,
717,34.0,1,45.0,1,
608,0.0,1,-45.0,2,45.0,2,
911,90.0,1,
1205,0.0,5,
708,45.0,3,-27.0,2,
1511,68.0,1,
1900,27.0,1,45.0,5,
1901,90.0,1,59.0,2,
1902,45.0,1,63.0,1,
1903,90.0,1,
1904,45.0,1,
1905,0.0,1,90.0,1,45.0,1,
1906,-63.0,1,45.0,3,
1907,0.0,1,90.0,1,45.0,2,
1908,0.0,1,63.0,1,
1909,45.0,2,
1910,72.0,2,63.0,1,
1911,72.0,1,90.0,1,76.0,1,
1912,90.0,2,
1913,90.0,3,
1914,90.0,4,
1915,-72.0,1,90.0,1,-76.0,1,
1916,-63.0,1,-76.0,1,45.0,1,
1405,0.0,5,
1406,0.0,1,
1919,-56.0,1,
1408,27.0,1,45.0,2,
1409,34.0,1,45.0,3,
1410,63.0,1,
1515,-76.0,1,45.0,1,
415,90.0,1,45.0,1,63.0,1,
207,0.0,4,53.0,1,
405,0.0,5,
905,0.0,5,
906,0.0,1,
1419,0.0,1,-45.0,2,
908,-45.0,1,
1421,0.0,1,-45.0,1,
1422,0.0,1,
1718,0.0,1,-63.0,1,45.0,3,
912,0.0,4,90.0,1,
913,90.0,2,
914,0.0,2,90.0,2,
915,0.0,2,90.0,1,
1006,0.0,1,
406,0.0,1,
919,0.0,2,
920,0.0,3,45.0,1,
409,-63.0,2,45.0,3,
410,-72.0,1,-63.0,1,90.0,2,45.0,2,
411,-72.0,1,
922,0.0,3,
414,90.0,1,
1605,0.0,3,-27.0,2,
416,90.0,1,45.0,1,63.0,2,
417,56.0,1,51.0,1,63.0,1,
418,34.0,1,
419,45.0,2,
420,0.0,1,45.0,2,
421,45.0,2,
1520,-45.0,2,
1719,45.0,2,
1011,0.0,1,
918,0.0,2,
1600,45.0,1,
1208,27.0,1,45.0,2,
1612,90.0,2,76.0,1,
2000,0.0,1,45.0,3,
2001,56.0,2,63.0,1,
2002,68.0,1,90.0,1,76.0,1,45.0,2,
2003,72.0,1,90.0,2,
2004,-72.0,1,90.0,2,
2005,-72.0,2,90.0,2,45.0,1,
2006,-63.0,2,-45.0,1,45.0,1,
2007,-45.0,1,45.0,1,
2008,63.0,1,
2009,72.0,1,45.0,1,
2010,56.0,1,
2011,45.0,1,
2012,90.0,1,
2013,90.0,1,
2014,45.0,1,
2016,-72.0,1,
2017,90.0,1,45.0,1,
2018,-72.0,1,
1019,0.0,2,
1508,34.0,1,45.0,1,
1509,56.0,1,90.0,1,45.0,2,
1510,56.0,1,63.0,1,
1105,0.0,5,
1512,90.0,1,
508,45.0,4,
1005,0.0,5,
1516,-63.0,1,45.0,4,
1106,0.0,1,
1518,45.0,1,
1519,0.0,2,-45.0,1,45.0,1,
1008,0.0,1,45.0,1,
1521,0.0,1,
1522,45.0,1,
1619,-56.0,1,-45.0,1,45.0,3,
1012,0.0,4,
1013,0.0,1,
1014,0.0,3,
1015,0.0,3,
505,0.0,5,
506,0.0,1,
1517,45.0,3,
1020,0.0,3,45.0,1,
509,0.0,1,-63.0,1,45.0,4,
1022,0.0,3,
