409,45.0,1,
514,27.0,1,45.0,1,-18.0,1,
515,27.0,1,
4,0.0,2,90.0,4,
5,90.0,6,
6,0.0,1,90.0,3,
8,90.0,1,
9,90.0,3,-76.0,2,-67.0,1,
10,-76.0,4,-82.0,1,-81.0,1,
11,-79.0,1,90.0,2,-76.0,1,-82.0,1,-81.0,1,
12,90.0,6,
13,81.0,1,90.0,2,67.0,1,76.0,1,63.0,1,
14,72.0,1,76.0,1,45.0,1,79.0,1,90.0,1,63.0,1,
15,72.0,1,68.0,1,
16,45.0,1,
508,45.0,1,
1207,0.0,2,
516,0.0,3,45.0,1,-18.0,1,
1701,45.0,2,53.0,1,
517,0.0,1,
1416,0.0,1,27.0,2,-27.0,1,-45.0,1,
518,0.0,2,
308,-63.0,1,45.0,3,
604,0.0,6,
307,45.0,4,
905,0.0,1,
2312,90.0,1,
2100,45.0,2,
2101,45.0,1,63.0,2,
2102,81.0,1,45.0,1,
2103,90.0,2,
2104,0.0,1,-45.0,1,-76.0,1,
2105,0.0,1,-45.0,1,
2107,72.0,2,
2108,90.0,1,76.0,1,
2109,90.0,1,-76.0,1,
2110,90.0,1,45.0,1,
1717,45.0,3,
1417,0.0,1,
1601,56.0,1,90.0,1,45.0,1,
2114,90.0,1,
2115,90.0,1,45.0,1,
1604,0.0,4,-27.0,1,-34.0,1,
1605,-18.0,1,
1606,0.0,1,51.0,1,90.0,1,-45.0,1,27.0,1,
1607,0.0,2,90.0,1,51.0,1,45.0,2,
1608,34.0,1,27.0,1,45.0,2,
1609,27.0,1,
1610,0.0,2,45.0,1,
1611,0.0,2,90.0,1,-34.0,1,
1612,90.0,1,76.0,1,45.0,1,
1613,90.0,3,
1614,0.0,2,90.0,1,-76.0,1,45.0,1,
1615,-45.0,2,
1104,0.0,6,
1105,0.0,1,
1106,0.0,4,11.0,1,
1107,-45.0,1,
1108,0.0,1,-45.0,1,60.0,1,45.0,1,
1109,-72.0,1,90.0,1,45.0,2,
1110,72.0,1,-79.0,1,90.0,1,45.0,1,
1111,0.0,2,27.0,1,45.0,2,63.0,1,
1112,34.0,1,27.0,1,76.0,1,
1113,72.0,1,63.0,1,
1114,90.0,1,27.0,1,45.0,3,
1115,45.0,4,
1116,0.0,2,27.0,1,45.0,2,
1117,45.0,3,
606,0.0,1,-45.0,1,45.0,2,-34.0,1,
607,0.0,3,45.0,2,
1120,0.0,2,90.0,1,
1121,-63.0,1,
614,0.0,2,-45.0,1,
615,-45.0,1,45.0,1,-34.0,1,
104,0.0,6,
105,0.0,2,
106,0.0,4,
107,90.0,1,45.0,1,
108,-72.0,1,-63.0,3,90.0,1,-59.0,1,
109,-63.0,2,90.0,1,45.0,1,
616,0.0,2,-45.0,1,45.0,1,-34.0,1,
114,72.0,1,63.0,2,
115,56.0,1,90.0,1,45.0,2,63.0,1,
116,53.0,1,45.0,1,63.0,1,
117,45.0,1,
617,-45.0,1,-27.0,1,45.0,1,
618,-27.0,1,45.0,1,
1518,0.0,1,
704,0.0,6,
2016,0.0,1,
706,0.0,2,-45.0,1,-27.0,2,45.0,1,
1816,0.0,1,-45.0,1,45.0,2,
2200,45.0,2,
2202,90.0,1,76.0,1,
2203,90.0,1,-76.0,1,
2205,-45.0,2,
2210,72.0,1,63.0,1,
2211,90.0,1,76.0,1,
2212,90.0,1,
2213,90.0,2,
2214,-72.0,1,-63.0,1,
1703,-79.0,1,90.0,1,
1704,0.0,3,-45.0,1,45.0,2,
1705,-34.0,1,
1706,0.0,1,-27.0,1,45.0,2,63.0,1,
1707,0.0,2,90.0,1,68.0,1,
1708,90.0,2,76.0,2,45.0,2,
1709,90.0,2,76.0,1,82.0,1,45.0,1,
1710,0.0,1,90.0,2,-45.0,1,63.0,1,
1711,45.0,1,-45.0,2,53.0,1,63.0,1,
1712,90.0,1,
1713,90.0,1,
1714,0.0,2,-63.0,2,
1715,90.0,1,
1716,0.0,2,-63.0,2,-45.0,1,
1205,0.0,1,
1206,0.0,3,45.0,1,22.0,1,
713,-63.0,1,90.0,1,
1208,0.0,4,-63.0,1,90.0,1,
1209,-56.0,1,0.0,2,90.0,2,
1210,72.0,1,18.0,1,53.0,1,63.0,1,
1211,0.0,2,34.0,1,27.0,1,45.0,1,14.0,1,
1212,0.0,1,76.0,2,45.0,1,
1213,45.0,1,
1214,34.0,1,45.0,3,
1215,45.0,3,
1216,0.0,1,34.0,1,72.0,1,45.0,1,90.0,1,27.0,1,
1217,0.0,1,90.0,2,45.0,1,
1218,0.0,1,90.0,1,27.0,1,76.0,1,
1219,90.0,1,45.0,1,
1220,0.0,1,-45.0,1,
1313,56.0,1,63.0,1,
712,90.0,1,
716,-45.0,2,45.0,2,
714,-72.0,1,-45.0,2,-76.0,1,45.0,2,
715,-63.0,1,90.0,1,45.0,2,
204,0.0,6,
205,0.0,2,
206,0.0,4,45.0,1,
207,-63.0,1,90.0,1,-53.0,1,45.0,3,
208,45.0,2,
721,-79.0,1,90.0,1,
210,90.0,3,-82.0,1,
211,-79.0,1,90.0,3,-81.0,1,
212,-79.0,1,90.0,1,82.0,1,-76.0,1,45.0,1,
213,90.0,2,76.0,1,79.0,1,
214,72.0,1,68.0,1,
215,45.0,3,37.0,1,
216,45.0,2,
1316,0.0,2,27.0,1,45.0,1,
719,90.0,1,
1317,27.0,1,
720,90.0,2,
1318,0.0,2,
506,-45.0,1,
209,90.0,1,
1916,0.0,2,
1319,90.0,1,
722,90.0,2,
916,0.0,1,59.0,1,45.0,2,39.0,1,
2300,45.0,1,63.0,1,
2301,90.0,1,45.0,1,
2304,45.0,2,
2305,45.0,2,
2311,45.0,1,
1800,50.0,1,51.0,1,45.0,2,
812,0.0,1,90.0,2,
1802,90.0,1,
1803,-76.0,1,
1804,0.0,2,45.0,2,-34.0,1,
1805,-45.0,2,45.0,1,
1806,0.0,1,-81.0,1,
1807,45.0,2,63.0,1,
1808,27.0,2,45.0,1,
1809,90.0,3,
1810,45.0,2,63.0,1,
1811,0.0,1,72.0,1,74.0,1,-45.0,1,45.0,1,
1812,90.0,1,76.0,1,79.0,1,
1813,90.0,1,76.0,1,-81.0,1,
1814,-72.0,1,90.0,1,-45.0,1,-76.0,1,45.0,1,
1815,-72.0,1,-79.0,1,
1304,0.0,6,
1305,45.0,1,
1306,0.0,2,27.0,1,14.0,1,
1307,34.0,1,11.0,1,18.0,1,
1308,0.0,4,45.0,1,22.0,1,
1309,27.0,1,90.0,1,-45.0,1,34.0,1,
1310,18.0,1,45.0,2,-27.0,1,
1311,0.0,3,-45.0,1,45.0,2,
1312,0.0,2,
816,0.0,2,-72.0,1,-53.0,1,-56.0,1,-81.0,1,
1314,45.0,1,
1315,34.0,1,45.0,2,
804,0.0,6,
504,0.0,6,
806,0.0,3,-45.0,1,45.0,1,-18.0,1,
817,90.0,1,68.0,1,-81.0,1,
1320,90.0,1,
811,90.0,1,
1118,0.0,1,81.0,1,
813,-72.0,1,90.0,1,-76.0,1,45.0,1,
814,-72.0,1,-63.0,1,45.0,3,
815,90.0,1,45.0,2,
304,0.0,6,
305,0.0,2,
306,-45.0,1,76.0,1,45.0,3,79.0,1,
819,-79.0,1,-76.0,1,-81.0,1,
820,0.0,1,90.0,2,-81.0,1,
309,-72.0,1,-63.0,2,-76.0,2,-59.0,1,
310,-72.0,1,90.0,3,-76.0,1,
311,90.0,1,45.0,1,
312,90.0,2,
313,72.0,1,90.0,1,76.0,1,63.0,1,
314,59.0,1,45.0,2,
315,0.0,1,56.0,1,53.0,1,
316,27.0,1,45.0,3,31.0,1,
317,0.0,1,27.0,1,45.0,1,
318,27.0,1,
821,90.0,1,
805,0.0,1,
718,90.0,1,
1204,0.0,6,
822,0.0,2,
1505,45.0,1,
1119,81.0,1,
1801,45.0,1,
217,37.0,1,45.0,1,
717,0.0,1,45.0,2,
911,0.0,1,45.0,1,
2313,90.0,1,
2401,72.0,1,63.0,1,
2402,90.0,1,76.0,1,
2403,90.0,1,-76.0,1,
2404,-63.0,2,
1512,0.0,1,53.0,1,
913,0.0,1,-72.0,1,90.0,1,
2014,-76.0,1,
1900,0.0,1,45.0,2,
1901,67.0,1,90.0,1,59.0,1,63.0,1,
1902,72.0,1,90.0,1,45.0,1,79.0,1,
1903,-79.0,1,90.0,2,
1904,0.0,2,-63.0,1,90.0,1,-68.0,1,45.0,1,
1905,45.0,3,-34.0,1,
1906,45.0,2,
1907,45.0,2,
1908,90.0,2,45.0,1,
1909,90.0,1,
1910,0.0,1,59.0,1,45.0,1,
1911,90.0,1,27.0,1,63.0,1,
1912,45.0,1,
1913,90.0,2,
1914,90.0,1,45.0,1,
1915,-59.0,1,
1404,0.0,6,
1406,0.0,1,27.0,3,
1407,0.0,1,34.0,1,-45.0,1,45.0,1,-82.0,1,
1408,0.0,2,-79.0,1,34.0,1,45.0,1,63.0,1,
1409,0.0,1,90.0,2,-76.0,1,18.0,1,
1410,90.0,1,-45.0,1,68.0,1,45.0,3,
1411,0.0,3,27.0,1,45.0,1,-27.0,1,
1412,0.0,1,-27.0,1,
918,90.0,2,79.0,1,
1414,45.0,2,-27.0,1,
1415,45.0,3,
904,0.0,6,
1004,0.0,6,
906,0.0,5,
407,45.0,1,-51.0,1,
909,90.0,1,45.0,1,
910,90.0,1,
1517,0.0,2,-27.0,1,
912,0.0,2,90.0,1,45.0,1,
920,0.0,1,90.0,2,
914,51.0,1,45.0,1,
915,27.0,1,45.0,4,-59.0,1,
404,0.0,6,
405,0.0,1,
406,90.0,2,45.0,1,
919,90.0,3,
408,-63.0,2,-53.0,1,45.0,3,
921,0.0,1,
922,0.0,2,
413,45.0,1,
414,34.0,1,45.0,3,
415,0.0,1,34.0,1,
416,0.0,2,34.0,1,27.0,1,45.0,1,
417,45.0,1,14.0,1,
418,0.0,1,45.0,1,
1702,74.0,1,68.0,1,45.0,1,
1617,0.0,1,-45.0,1,-18.0,1,
1600,45.0,2,
1019,90.0,1,76.0,1,82.0,1,
2000,51.0,1,45.0,1,
2001,90.0,1,45.0,1,
2002,90.0,2,
2003,90.0,2,
2004,0.0,2,90.0,1,
2005,0.0,2,45.0,1,
2006,63.0,2,
2007,45.0,2,
1418,0.0,1,-27.0,1,
1700,0.0,1,45.0,2,
2011,90.0,2,
2012,90.0,3,
2013,90.0,2,
917,0.0,1,18.0,1,-81.0,1,
2015,45.0,2,
1504,0.0,6,
1616,0.0,2,45.0,1,
1506,0.0,1,90.0,1,27.0,1,45.0,2,
1507,0.0,2,59.0,1,27.0,1,45.0,1,
1508,0.0,2,-72.0,1,27.0,1,53.0,1,63.0,1,
1509,0.0,1,37.0,1,45.0,1,
1510,0.0,1,-45.0,2,45.0,2,
1511,0.0,4,11.0,1,45.0,1,
818,-79.0,1,90.0,2,-76.0,1,
1513,-76.0,1,
1514,90.0,1,27.0,1,45.0,2,
1515,-63.0,1,90.0,1,-45.0,1,
1516,45.0,2,-34.0,1,
1005,0.0,2,
1006,0.0,3,18.0,1,45.0,1,
1008,-54.0,1,45.0,1,
1009,-56.0,1,90.0,2,-53.0,1,
1010,90.0,2,54.0,1,
1011,0.0,2,45.0,1,53.0,1,63.0,1,
1012,0.0,1,82.0,1,90.0,1,45.0,3,
1013,90.0,2,63.0,1,
1014,72.0,1,90.0,2,68.0,1,45.0,1,
1015,90.0,3,59.0,1,45.0,1,
1016,0.0,1,-72.0,1,90.0,2,63.0,1,
1017,-76.0,1,90.0,2,82.0,1,45.0,2,
1018,90.0,2,82.0,1,45.0,1,
507,0.0,1,-63.0,1,45.0,4,
1020,0.0,2,-56.0,1,76.0,1,79.0,1,
1021,0.0,1,90.0,1,79.0,1,
1022,-45.0,1,-76.0,1,
