2,-63.0,2,45.0,1,
3,-72.0,1,90.0,3,-76.0,2,
4,90.0,5,-76.0,1,
5,-63.0,1,90.0,5,
6,72.0,1,90.0,2,63.0,3,
7,72.0,1,90.0,2,76.0,1,63.0,2,
8,90.0,1,45.0,1,63.0,3,
9,45.0,1,
2100,0.0,1,
2101,45.0,3,
2102,45.0,3,
2103,72.0,1,45.0,2,
2104,76.0,1,
2105,90.0,2,
2106,90.0,1,
2107,90.0,1,
2108,90.0,1,
2109,90.0,1,45.0,1,
2110,90.0,2,
2111,-63.0,1,-76.0,1,
2112,-72.0,1,90.0,1,
2113,45.0,3,
2114,-63.0,1,90.0,2,
2115,-72.0,1,-63.0,1,45.0,1,
2117,56.0,1,63.0,2,
2118,72.0,1,90.0,1,63.0,2,
2119,76.0,1,
2120,76.0,1,
2121,90.0,1,
2122,0.0,2,90.0,1,
2123,0.0,2,90.0,1,
2124,90.0,1,
101,-53.0,1,45.0,5,
102,-63.0,1,90.0,3,45.0,2,
108,90.0,2,53.0,1,45.0,2,
109,90.0,1,45.0,4,63.0,1,
110,45.0,1,
2201,45.0,1,
2202,45.0,1,
2203,90.0,1,63.0,2,
2204,56.0,1,90.0,1,63.0,1,
2205,90.0,2,45.0,1,
2206,90.0,2,
2207,90.0,1,
2208,90.0,1,
2209,90.0,1,45.0,1,
2210,90.0,1,
2211,90.0,3,
2212,-72.0,1,90.0,2,
2213,90.0,3,
2214,45.0,2,
2216,45.0,1,
2217,90.0,1,
2218,45.0,2,63.0,1,
2219,72.0,1,90.0,1,63.0,1,
2220,72.0,1,90.0,2,
2221,90.0,3,
2222,90.0,3,
2223,0.0,2,
2224,0.0,1,
200,0.0,1,-45.0,1,45.0,2,
201,0.0,3,-45.0,1,45.0,2,
204,-76.0,1,
205,90.0,1,76.0,1,
206,45.0,1,
208,0.0,1,
209,0.0,1,-45.0,1,45.0,1,
210,0.0,2,45.0,2,
211,45.0,1,
2302,90.0,1,
2303,63.0,1,
2305,90.0,1,45.0,1,
2306,90.0,2,45.0,1,
2307,72.0,1,90.0,2,
2308,90.0,3,
2309,90.0,3,
2310,90.0,2,
2311,45.0,2,
2314,45.0,1,
2315,-63.0,1,
2316,90.0,1,
2319,63.0,1,
2320,63.0,1,
2324,0.0,1,
300,0.0,1,-45.0,4,-27.0,1,
303,45.0,2,
304,-63.0,4,90.0,1,
305,-72.0,1,-63.0,1,90.0,2,
306,56.0,1,72.0,1,76.0,1,63.0,3,
307,72.0,1,56.0,1,90.0,1,45.0,2,63.0,1,
308,-45.0,1,45.0,2,
309,0.0,1,45.0,3,
310,-45.0,1,
2404,63.0,1,
2405,63.0,1,
2406,90.0,1,
2407,45.0,1,
2410,90.0,1,
2411,90.0,1,
2412,90.0,1,
2413,90.0,1,
2414,90.0,1,
2421,90.0,1,
2422,63.0,1,
2423,90.0,1,
2424,90.0,1,
400,0.0,5,-45.0,1,
402,-45.0,1,45.0,1,
403,0.0,3,-45.0,1,45.0,1,
404,45.0,1,
407,45.0,3,
408,72.0,1,90.0,2,45.0,1,63.0,1,
409,45.0,3,
412,-63.0,1,
413,-76.0,1,45.0,1,
414,90.0,1,-76.0,1,
415,90.0,4,63.0,1,
416,90.0,3,76.0,1,63.0,1,
417,90.0,1,45.0,2,63.0,1,
2507,90.0,1,
2508,90.0,1,
2509,90.0,1,
2510,45.0,1,
500,0.0,6,
502,0.0,3,
503,0.0,2,-45.0,1,45.0,1,
511,-45.0,1,
512,0.0,1,45.0,1,
513,-56.0,1,45.0,2,
514,-63.0,2,45.0,1,
515,45.0,3,
516,-63.0,1,45.0,1,
517,90.0,3,45.0,3,
518,90.0,1,45.0,3,63.0,1,
519,63.0,1,
520,45.0,1,
600,0.0,5,18.0,1,
602,0.0,3,
603,0.0,5,
611,-45.0,1,
612,-45.0,1,45.0,1,
613,-45.0,1,45.0,3,
614,90.0,1,45.0,1,
615,45.0,1,
617,34.0,1,
618,45.0,2,
619,45.0,4,
620,45.0,1,
700,0.0,2,34.0,1,27.0,3,
703,18.0,1,27.0,1,45.0,3,37.0,1,
704,90.0,1,
710,-27.0,1,
711,-45.0,1,
712,0.0,3,-45.0,1,
713,-45.0,1,45.0,2,
714,0.0,1,45.0,2,
715,90.0,1,27.0,1,-76.0,1,45.0,1,
716,90.0,3,45.0,1,
717,0.0,1,
718,0.0,1,
719,0.0,2,34.0,1,45.0,1,
720,0.0,1,45.0,1,
721,45.0,1,
800,34.0,2,27.0,2,45.0,2,
801,34.0,1,45.0,1,
803,45.0,4,
804,53.0,1,45.0,4,63.0,1,
805,76.0,1,45.0,1,
806,90.0,1,
807,90.0,1,
808,90.0,1,
810,-45.0,1,
811,-27.0,1,
812,0.0,4,
813,0.0,1,45.0,1,
814,0.0,1,-45.0,1,
815,0.0,1,45.0,2,14.0,1,
816,27.0,1,45.0,3,
817,0.0,1,-63.0,1,27.0,1,45.0,1,
818,18.0,1,45.0,1,
819,27.0,1,45.0,1,
820,0.0,1,27.0,1,45.0,1,
821,0.0,1,
900,45.0,4,
901,90.0,1,45.0,4,37.0,1,
902,53.0,1,
904,90.0,1,45.0,3,
905,72.0,2,45.0,1,63.0,2,
906,90.0,3,76.0,1,
907,90.0,1,45.0,1,
908,0.0,1,90.0,1,
910,0.0,1,
911,0.0,1,-18.0,1,
912,0.0,3,
913,0.0,2,
914,0.0,2,-27.0,1,45.0,1,
915,0.0,1,
916,0.0,2,
917,18.0,1,45.0,2,
918,0.0,2,
919,27.0,1,
920,18.0,1,27.0,1,45.0,1,
922,0.0,1,
1001,90.0,1,45.0,4,
1002,-63.0,1,45.0,3,63.0,1,
1003,45.0,2,
1005,90.0,1,
1006,90.0,1,45.0,1,
1007,90.0,4,
1008,0.0,2,90.0,4,
1009,0.0,1,90.0,3,
1010,0.0,1,45.0,1,
1011,0.0,2,45.0,1,
1012,0.0,3,
1013,0.0,1,-45.0,1,
1014,0.0,3,
1015,0.0,2,
1017,0.0,4,
1018,0.0,1,
1019,0.0,2,
1020,0.0,3,
1022,45.0,1,
1100,45.0,1,
1101,45.0,2,
1102,0.0,2,-63.0,1,45.0,2,
1103,45.0,5,
1104,90.0,1,
1105,-76.0,1,
1106,-76.0,1,
1107,90.0,1,
1108,0.0,1,90.0,1,
1109,0.0,3,
1110,0.0,1,14.0,1,
1111,0.0,2,14.0,1,
1112,0.0,2,45.0,1,
1113,45.0,1,
1114,0.0,3,
1115,0.0,1,-18.0,1,
1116,0.0,1,
1117,0.0,4,
1118,-45.0,1,
1119,0.0,1,27.0,1,
1120,0.0,3,
1122,0.0,1,
1200,-45.0,1,
1201,0.0,1,45.0,3,
1202,90.0,1,45.0,2,
1203,-63.0,1,-45.0,1,
1204,45.0,2,
1205,-63.0,1,
1206,-76.0,1,45.0,1,
1207,90.0,2,45.0,1,
1208,90.0,3,
1209,0.0,2,-27.0,1,
1210,0.0,1,14.0,1,
1211,0.0,2,45.0,1,
1212,0.0,3,
1213,0.0,1,18.0,1,
1214,0.0,4,45.0,1,
1215,0.0,1,-45.0,1,
1216,-27.0,1,
1217,0.0,3,-27.0,1,
1218,45.0,1,
1219,0.0,2,
1220,0.0,3,
1222,0.0,1,
1300,-45.0,1,-27.0,1,45.0,2,
1301,0.0,2,45.0,2,
1302,0.0,1,-63.0,1,
1303,45.0,2,
1304,-63.0,1,90.0,1,45.0,2,
1305,-72.0,1,-63.0,1,90.0,1,
1306,-72.0,1,90.0,2,
1307,90.0,2,45.0,1,
1308,90.0,2,
1309,90.0,2,
1310,0.0,2,
1311,0.0,2,27.0,1,
1312,0.0,3,
1313,34.0,1,
1314,0.0,1,27.0,2,-45.0,1,45.0,1,
1315,27.0,1,
1316,-27.0,1,
1317,0.0,2,-27.0,1,-34.0,1,
1319,0.0,1,-27.0,1,
1320,0.0,3,
1322,0.0,1,
1400,0.0,2,-45.0,2,-27.0,1,
1401,0.0,1,
1402,0.0,1,
1403,45.0,3,-34.0,1,
1404,45.0,3,
1405,90.0,1,
1406,-63.0,1,
1407,90.0,1,
1411,27.0,1,45.0,1,
1412,0.0,1,27.0,1,45.0,2,
1413,0.0,1,
1414,0.0,1,34.0,1,45.0,3,
1415,0.0,2,27.0,1,-76.0,1,
1416,0.0,1,45.0,2,
1417,0.0,2,-45.0,1,45.0,1,
1418,45.0,2,
1419,0.0,1,-45.0,1,45.0,1,
1420,0.0,2,-45.0,1,
1422,0.0,1,
1500,0.0,4,-45.0,2,
1502,0.0,1,18.0,1,
1503,0.0,2,-45.0,1,45.0,1,
1504,45.0,1,
1511,45.0,1,
1512,34.0,2,27.0,2,45.0,1,
1513,27.0,1,
1515,90.0,1,27.0,1,45.0,2,
1516,27.0,1,-45.0,4,
1518,-45.0,2,
1519,0.0,2,45.0,1,
1520,0.0,2,
1521,45.0,1,
1522,0.0,1,
1600,0.0,5,34.0,1,
1602,0.0,2,
1603,0.0,2,-45.0,1,45.0,2,
1604,45.0,1,
1611,-72.0,1,
1612,0.0,2,27.0,1,45.0,2,
1613,0.0,2,27.0,1,45.0,2,
1616,45.0,3,63.0,1,
1617,76.0,1,45.0,2,
1618,0.0,1,45.0,2,
1619,0.0,1,-45.0,1,45.0,1,
1621,0.0,1,
1700,0.0,4,18.0,1,27.0,1,
1701,45.0,1,
1702,0.0,1,
1703,0.0,2,18.0,1,45.0,2,
1704,72.0,1,
1705,76.0,1,
1706,90.0,1,
1707,90.0,1,
1708,90.0,1,
1709,90.0,1,
1710,-76.0,1,
1712,45.0,1,
1713,0.0,1,27.0,1,34.0,1,-45.0,1,45.0,1,
1714,45.0,1,
1717,34.0,1,90.0,1,
1718,90.0,1,-45.0,2,76.0,1,45.0,1,
1719,90.0,1,45.0,2,
1720,90.0,1,45.0,1,
1721,0.0,1,
1800,0.0,2,27.0,2,37.0,1,
1801,45.0,1,
1802,45.0,1,
1803,0.0,1,27.0,1,45.0,2,
1804,45.0,1,53.0,1,
1805,72.0,1,
1810,90.0,1,
1811,-76.0,1,
1812,-72.0,1,
1813,-63.0,1,90.0,1,45.0,2,
1814,0.0,2,90.0,1,45.0,1,
1815,63.0,1,
1817,45.0,1,
1818,34.0,1,27.0,1,90.0,1,63.0,1,
1819,76.0,1,45.0,2,
1820,0.0,1,76.0,1,45.0,1,
1821,76.0,1,
1822,45.0,1,
1900,0.0,1,27.0,2,45.0,2,
1901,45.0,1,
1902,63.0,1,
1903,27.0,1,63.0,1,
1904,90.0,1,63.0,3,
1905,72.0,1,90.0,1,45.0,1,63.0,1,
1906,76.0,1,45.0,2,
1907,90.0,1,
1908,90.0,1,
1909,90.0,1,
1910,90.0,2,45.0,2,
1911,-63.0,1,90.0,2,-76.0,1,
1912,-72.0,1,-63.0,3,
1913,90.0,1,45.0,1,
1914,45.0,1,
1915,0.0,1,-76.0,1,
1916,76.0,1,45.0,1,
1917,76.0,1,
1918,76.0,1,
1919,0.0,1,90.0,4,
1920,72.0,1,90.0,1,45.0,1,-18.0,1,63.0,1,
1921,90.0,2,63.0,1,
1922,0.0,1,90.0,3,
1923,45.0,2,
2000,45.0,1,
2001,34.0,1,45.0,3,
2002,53.0,1,
2003,45.0,1,
2004,90.0,1,45.0,1,
2005,76.0,1,45.0,2,
2006,90.0,4,
2007,72.0,1,90.0,3,
2008,90.0,4,
2009,-72.0,1,90.0,2,-76.0,1,
2010,90.0,3,45.0,1,
2011,45.0,1,
2013,90.0,2,
2014,-72.0,1,90.0,1,
2015,90.0,1,
2016,72.0,1,90.0,2,63.0,1,
2017,63.0,1,
2018,45.0,1,
2020,63.0,1,
2021,63.0,1,
2022,0.0,2,45.0,1,
2023,0.0,2,
