12,90.0,3,
13,90.0,6,
14,0.0,1,90.0,4,
15,0.0,2,90.0,1,
2107,0.0,1,
2108,45.0,2,
2109,56.0,1,90.0,1,
2110,90.0,2,
2111,90.0,1,
2112,-72.0,1,
2113,-56.0,1,-63.0,1,
2114,-45.0,1,45.0,1,
2116,45.0,1,
2117,76.0,1,
2118,90.0,1,
2119,-76.0,1,
105,0.0,2,90.0,1,
106,90.0,6,
107,90.0,6,
108,90.0,3,
109,45.0,2,
110,-72.0,2,90.0,1,-68.0,1,
111,-72.0,1,-68.0,1,90.0,2,-76.0,1,45.0,1,
112,0.0,1,45.0,1,-45.0,1,-76.0,1,-72.0,1,90.0,1,
113,0.0,3,-27.0,1,
114,56.0,1,90.0,1,45.0,1,
115,72.0,2,34.0,1,51.0,1,53.0,1,79.0,1,
116,72.0,3,79.0,1,76.0,1,63.0,1,
117,90.0,2,68.0,1,
2208,45.0,1,
2209,63.0,1,
2210,90.0,1,
2211,90.0,1,
2212,-76.0,1,
205,0.0,3,
206,0.0,3,
207,0.0,3,
208,0.0,2,-63.0,1,-53.0,1,45.0,1,30.0,1,
209,-56.0,2,-63.0,1,90.0,1,-53.0,1,45.0,1,
210,-72.0,3,
211,90.0,1,45.0,1,
216,63.0,1,
217,56.0,1,72.0,1,90.0,1,51.0,1,45.0,1,
218,56.0,1,59.0,1,45.0,2,63.0,2,
219,56.0,1,53.0,1,63.0,1,
305,0.0,3,
306,0.0,3,
307,45.0,1,63.0,1,
308,72.0,1,90.0,1,45.0,2,63.0,1,
309,90.0,1,45.0,2,
310,-56.0,1,-63.0,1,90.0,1,-68.0,1,
311,-72.0,1,-79.0,1,90.0,2,-68.0,1,45.0,1,
312,0.0,1,-79.0,1,-72.0,1,-76.0,1,45.0,2,
313,0.0,3,45.0,1,
314,-63.0,1,90.0,1,79.0,1,
315,56.0,1,72.0,1,90.0,2,68.0,1,-63.0,1,
316,72.0,2,68.0,1,45.0,1,63.0,1,
317,45.0,1,63.0,1,
318,45.0,3,
319,34.0,1,45.0,4,
320,45.0,3,
321,45.0,1,
405,0.0,3,
406,0.0,3,
408,45.0,3,
409,45.0,4,-51.0,1,
410,-56.0,1,90.0,1,45.0,1,
411,-63.0,2,
412,0.0,3,
413,0.0,4,
414,0.0,2,
415,0.0,3,
416,90.0,1,51.0,1,45.0,2,
417,34.0,1,53.0,1,45.0,2,63.0,2,
418,45.0,3,
419,0.0,1,34.0,1,45.0,1,
420,34.0,1,27.0,1,45.0,1,
421,34.0,2,37.0,1,
505,0.0,3,
506,0.0,3,
507,45.0,1,
508,-45.0,2,-34.0,1,-37.0,1,
509,0.0,1,-45.0,2,
512,0.0,3,
513,0.0,4,
514,0.0,2,
515,0.0,3,
517,45.0,1,39.0,1,
518,27.0,2,45.0,3,
519,45.0,3,37.0,1,
520,27.0,1,45.0,1,22.0,1,
521,27.0,1,45.0,1,
522,0.0,1,18.0,1,27.0,1,
605,0.0,3,
606,0.0,3,
607,0.0,1,-22.0,1,-27.0,1,
608,-45.0,1,45.0,1,-18.0,1,-27.0,1,
609,45.0,1,
612,0.0,3,
613,0.0,4,
614,0.0,2,
615,0.0,3,
618,18.0,1,45.0,2,
619,18.0,1,27.0,1,45.0,1,
620,0.0,1,18.0,1,45.0,1,14.0,1,
621,0.0,1,
622,45.0,1,14.0,2,
705,0.0,3,
706,0.0,3,
707,0.0,3,
708,0.0,2,-45.0,1,
712,0.0,3,
713,0.0,4,
714,0.0,2,
715,0.0,3,
718,0.0,3,
719,45.0,2,
720,0.0,4,14.0,1,
721,0.0,1,
722,0.0,3,
805,0.0,3,
806,0.0,3,
807,0.0,2,14.0,1,
808,0.0,2,45.0,1,14.0,1,23.0,1,
812,0.0,3,
813,0.0,4,
814,0.0,2,
815,0.0,3,
818,-22.0,1,-45.0,2,
819,-22.0,1,
820,0.0,2,-14.0,1,-45.0,1,-27.0,1,
821,0.0,1,
822,0.0,2,-27.0,1,
905,0.0,3,
906,0.0,3,
907,0.0,1,
908,18.0,1,34.0,2,27.0,2,45.0,1,
909,37.0,1,45.0,1,
912,0.0,3,
913,0.0,4,
914,0.0,2,
915,0.0,3,
917,-45.0,1,45.0,1,-34.0,1,
918,0.0,1,-45.0,2,45.0,1,
919,-45.0,1,45.0,1,-27.0,1,
920,-22.0,1,-45.0,2,45.0,1,-34.0,1,
921,-45.0,1,
922,0.0,1,-45.0,2,
1005,0.0,3,
1006,0.0,3,
1008,34.0,1,45.0,1,
1009,56.0,2,34.0,1,45.0,2,37.0,1,
1010,72.0,1,51.0,1,63.0,1,
1011,90.0,1,
1012,0.0,3,
1013,0.0,4,
1014,0.0,2,
1015,0.0,3,90.0,1,
1016,90.0,2,45.0,2,
1017,45.0,3,-59.0,1,
1018,45.0,2,
1019,0.0,1,-45.0,2,-34.0,2,
1020,0.0,2,45.0,2,
1021,0.0,1,-31.0,1,
1022,0.0,1,-27.0,1,
1105,0.0,2,-18.0,1,
1106,0.0,2,-9.0,1,
1107,0.0,1,45.0,1,
1108,45.0,2,63.0,1,
1109,45.0,2,
1110,68.0,1,45.0,2,53.0,1,
1111,72.0,3,45.0,1,79.0,1,
1112,0.0,1,68.0,1,45.0,2,
1113,0.0,4,
1114,90.0,1,-76.0,1,63.0,1,
1115,-72.0,1,-63.0,1,90.0,1,68.0,1,0.0,2,
1116,-76.0,1,45.0,1,
1117,90.0,2,
1118,90.0,1,45.0,4,
1119,0.0,1,-45.0,1,45.0,2,
1120,-45.0,1,
1121,-45.0,1,-34.0,1,
1122,45.0,1,
1200,-45.0,3,45.0,1,
1201,51.0,1,45.0,3,
1202,45.0,2,
1204,45.0,1,
1205,-22.0,1,-45.0,2,-37.0,1,
1206,0.0,3,
1207,0.0,1,-45.0,2,-18.0,1,
1208,0.0,1,90.0,3,51.0,1,45.0,1,
1209,56.0,2,51.0,1,
1210,72.0,1,59.0,1,63.0,1,
1211,90.0,1,45.0,1,63.0,1,
1212,72.0,1,76.0,1,
1213,0.0,1,-45.0,1,
1215,45.0,2,53.0,1,
1216,-72.0,1,-63.0,1,90.0,2,
1217,-63.0,2,90.0,3,45.0,1,
1218,45.0,2,-59.0,1,
1219,-63.0,1,
1220,-45.0,1,45.0,1,
1221,0.0,1,45.0,1,
1300,0.0,1,34.0,1,37.0,1,45.0,1,-39.0,1,31.0,1,
1301,56.0,1,45.0,1,63.0,1,
1302,72.0,1,68.0,1,63.0,2,
1303,90.0,2,45.0,1,79.0,1,
1304,-79.0,1,90.0,3,
1305,0.0,1,45.0,3,
1306,0.0,2,45.0,3,
1307,0.0,2,-34.0,2,
1308,-63.0,1,-27.0,1,
1309,56.0,1,68.0,1,53.0,1,
1310,72.0,1,68.0,1,45.0,2,
1311,72.0,1,90.0,1,76.0,1,79.0,1,
1312,45.0,2,79.0,1,
1313,0.0,1,
1314,-72.0,1,-79.0,1,-63.0,1,
1315,-72.0,1,-68.0,1,90.0,1,-76.0,1,
1316,-79.0,1,-68.0,1,45.0,1,
1317,90.0,1,45.0,1,
1318,90.0,1,45.0,1,
1319,-56.0,2,
1320,45.0,2,
1400,90.0,1,27.0,1,45.0,2,-45.0,1,
1401,56.0,1,72.0,1,90.0,1,59.0,1,45.0,1,
1402,72.0,2,56.0,1,68.0,1,63.0,1,
1403,72.0,2,90.0,4,
1404,-72.0,1,90.0,4,
1405,-63.0,3,-68.0,1,45.0,1,
1406,-63.0,1,90.0,1,-45.0,1,45.0,1,
1407,-45.0,1,-34.0,1,
1408,45.0,2,
1409,90.0,1,
1410,72.0,1,90.0,2,
1411,72.0,1,90.0,2,76.0,1,
1412,0.0,3,72.0,1,76.0,1,
1413,0.0,2,45.0,2,
1414,0.0,2,
1415,0.0,1,-72.0,1,45.0,1,
1416,90.0,1,-76.0,1,
1417,-72.0,1,90.0,1,
1418,-63.0,1,45.0,1,
1500,45.0,1,53.0,1,
1501,56.0,2,45.0,1,
1502,68.0,1,45.0,1,
1503,90.0,1,
1504,-79.0,1,
1505,-68.0,1,
1506,-63.0,1,90.0,1,
1507,45.0,4,
1508,-72.0,2,-56.0,1,-51.0,1,
1509,-79.0,1,90.0,1,-68.0,1,
1510,90.0,3,
1511,72.0,1,90.0,2,79.0,1,
1512,0.0,1,68.0,1,45.0,2,
1513,0.0,4,
1514,0.0,2,
1515,0.0,3,
1518,0.0,1,
1519,90.0,2,
1520,90.0,3,
1521,0.0,1,90.0,2,
1522,90.0,1,
1601,63.0,1,
1602,63.0,2,
1603,90.0,2,
1604,90.0,2,
1605,-72.0,2,
1606,0.0,1,45.0,1,
1607,0.0,2,-37.0,1,-45.0,1,
1608,90.0,1,45.0,1,
1609,-72.0,2,-63.0,1,90.0,1,
1610,72.0,1,-79.0,1,90.0,1,-72.0,1,-76.0,1,
1611,90.0,2,79.0,1,76.0,1,63.0,1,
1612,72.0,1,90.0,1,45.0,1,
1613,0.0,2,-27.0,1,
1614,45.0,3,
1615,72.0,1,0.0,2,51.0,1,63.0,1,
1616,63.0,1,
1618,90.0,1,-45.0,2,
1619,0.0,1,90.0,1,-45.0,1,
1620,90.0,1,-45.0,1,45.0,1,
1621,0.0,2,
1622,-14.0,1,
1706,0.0,2,-27.0,1,
1707,0.0,1,45.0,4,
1708,0.0,2,18.0,1,45.0,2,
1709,-39.0,1,90.0,1,-68.0,1,45.0,1,
1710,79.0,1,
1711,56.0,1,-63.0,1,90.0,1,
1712,0.0,1,53.0,1,45.0,2,
1713,45.0,1,
1714,53.0,1,
1715,11.0,1,27.0,1,68.0,1,45.0,1,
1716,72.0,1,90.0,2,45.0,1,
1717,90.0,3,68.0,1,
1718,90.0,2,-45.0,1,
1719,-63.0,1,
1720,0.0,1,-72.0,1,-45.0,2,-27.0,1,
1721,0.0,1,90.0,2,45.0,1,
1722,90.0,2,-34.0,1,
1723,0.0,1,
1806,0.0,2,
1807,0.0,1,27.0,1,-45.0,1,14.0,1,23.0,1,
1808,22.0,1,
1809,72.0,1,56.0,1,45.0,2,63.0,1,
1810,-72.0,1,90.0,2,-76.0,1,79.0,1,
1811,76.0,1,90.0,2,-45.0,1,-76.0,1,45.0,1,
1812,56.0,1,90.0,1,45.0,1,
1813,-45.0,1,45.0,2,
1814,56.0,1,72.0,1,-45.0,1,
1815,72.0,2,59.0,1,45.0,1,
1816,56.0,1,90.0,2,68.0,1,45.0,1,63.0,1,
1817,72.0,1,90.0,2,45.0,2,
1818,-72.0,1,90.0,2,
1819,-72.0,1,-63.0,2,90.0,1,45.0,2,
1820,0.0,1,-68.0,1,45.0,2,-34.0,1,
1821,45.0,1,
1822,0.0,1,-27.0,1,
1823,0.0,1,
1906,27.0,1,
1907,0.0,3,27.0,1,45.0,2,
1908,56.0,1,72.0,1,51.0,1,
1909,90.0,2,-45.0,1,18.0,1,79.0,1,
1910,-79.0,1,90.0,2,
1911,-72.0,1,45.0,2,
1912,-63.0,1,90.0,3,63.0,1,
1913,-40.0,1,-56.0,1,45.0,3,0.0,1,
1914,59.0,1,45.0,1,
1915,90.0,1,68.0,1,
1916,90.0,2,
1917,72.0,1,90.0,3,
1918,90.0,3,-68.0,1,
1919,90.0,3,
1921,45.0,2,
1922,-45.0,2,
2007,45.0,2,22.0,1,
2008,0.0,1,68.0,1,
2009,90.0,2,45.0,1,
2010,90.0,3,76.0,1,
2011,90.0,4,-76.0,1,
2012,-56.0,1,90.0,1,45.0,1,
2014,-45.0,2,
2015,90.0,1,63.0,1,
2016,56.0,1,72.0,1,
2017,72.0,1,
2018,90.0,1,
2019,90.0,1,
2020,-72.0,1,-63.0,1,
2021,-63.0,1,45.0,1,
