11,45.0,1,
12,-63.0,1,90.0,3,
13,90.0,3,-76.0,1,45.0,2,
14,-72.0,1,90.0,5,
15,90.0,6,
16,72.0,1,90.0,4,76.0,1,
17,72.0,1,90.0,2,63.0,3,
18,72.0,1,45.0,1,63.0,1,
19,56.0,1,63.0,1,
20,45.0,1,
2105,45.0,1,
2106,45.0,1,63.0,2,
2107,45.0,2,63.0,2,
2108,63.0,1,
2109,90.0,1,45.0,1,
2110,63.0,1,
2111,90.0,1,
2116,-76.0,1,
2117,-63.0,1,90.0,1,
2118,-63.0,1,45.0,3,
2119,45.0,3,
2122,-45.0,1,
110,45.0,1,
111,-45.0,1,45.0,3,
112,0.0,1,45.0,4,
113,90.0,1,45.0,1,
118,90.0,1,53.0,1,63.0,2,
119,45.0,4,
120,90.0,1,63.0,1,
121,45.0,2,
2206,45.0,1,
2207,90.0,1,45.0,3,
2208,72.0,1,63.0,2,
2209,90.0,3,
2210,76.0,1,
2211,90.0,1,45.0,1,
2212,90.0,2,
2213,90.0,2,
2214,90.0,1,-76.0,1,
2215,90.0,1,-76.0,1,
2216,90.0,2,45.0,1,
2217,-63.0,2,90.0,1,
2218,-63.0,1,45.0,2,
2221,-45.0,1,
210,-45.0,1,45.0,3,
211,0.0,3,-27.0,1,
212,0.0,1,45.0,1,
214,90.0,1,
215,90.0,2,
216,90.0,1,
217,90.0,1,
218,90.0,1,
219,34.0,1,90.0,1,45.0,2,
220,0.0,1,45.0,2,
221,45.0,1,
222,34.0,1,45.0,1,
2307,45.0,1,
2308,90.0,1,
2309,90.0,1,45.0,1,
2310,72.0,1,90.0,2,
2311,72.0,1,63.0,2,
2312,90.0,3,
2313,90.0,3,
2314,-63.0,1,90.0,2,
2315,90.0,3,
2316,90.0,2,45.0,1,
2320,-63.0,1,
2321,45.0,1,
310,0.0,3,-45.0,1,
311,0.0,2,
312,45.0,1,
313,-63.0,2,45.0,2,
314,0.0,1,-63.0,2,-72.0,1,45.0,1,
315,-63.0,1,90.0,4,45.0,1,
316,72.0,1,-63.0,1,63.0,3,
317,56.0,1,45.0,3,63.0,1,
318,45.0,1,63.0,1,
319,56.0,1,45.0,1,
320,18.0,1,27.0,2,45.0,2,
321,45.0,1,
322,0.0,1,45.0,1,
323,0.0,1,
2408,45.0,1,
2409,63.0,1,
2410,90.0,1,
2418,90.0,1,
2419,-63.0,1,
400,90.0,1,
401,90.0,1,
402,90.0,1,
410,0.0,4,
411,0.0,1,14.0,1,
412,0.0,1,45.0,1,
413,0.0,3,
414,27.0,1,45.0,1,
417,34.0,1,45.0,2,
418,34.0,1,45.0,2,
419,45.0,1,
420,0.0,1,34.0,1,27.0,1,45.0,1,
421,0.0,1,27.0,1,45.0,1,
422,0.0,1,
423,0.0,1,45.0,1,
2510,45.0,1,
2511,90.0,1,
2512,90.0,1,
2513,90.0,1,
2514,90.0,1,
2515,90.0,1,
2516,90.0,1,
2517,90.0,1,
500,0.0,1,90.0,4,
501,90.0,4,
502,0.0,1,56.0,1,90.0,3,
510,27.0,3,45.0,1,
511,0.0,1,27.0,1,
512,45.0,2,
513,27.0,1,45.0,2,63.0,1,
514,90.0,1,45.0,1,
515,72.0,1,
517,45.0,1,
518,0.0,1,27.0,1,45.0,2,
520,0.0,1,27.0,1,-18.0,1,
521,0.0,3,
523,0.0,2,
600,0.0,4,90.0,1,27.0,1,
601,90.0,1,
602,0.0,5,90.0,1,
610,45.0,3,
611,0.0,2,56.0,1,34.0,1,45.0,1,
612,45.0,2,
613,56.0,1,0.0,1,45.0,1,
614,72.0,1,0.0,2,90.0,1,45.0,1,
615,0.0,1,90.0,1,
617,-27.0,1,
618,-45.0,2,45.0,1,-27.0,1,
619,45.0,1,
620,0.0,1,-45.0,1,-18.0,1,
621,0.0,3,
623,0.0,2,
700,0.0,5,18.0,1,
702,0.0,4,18.0,1,45.0,1,
703,0.0,1,
711,90.0,1,45.0,3,
712,56.0,1,45.0,1,63.0,3,
713,90.0,2,-76.0,1,45.0,2,
714,0.0,3,
715,0.0,1,90.0,1,
717,-45.0,1,
718,90.0,1,-45.0,3,
719,45.0,2,
720,0.0,2,-45.0,1,45.0,1,
721,0.0,2,45.0,1,
722,-34.0,1,
723,0.0,1,
800,0.0,3,27.0,1,45.0,1,14.0,1,
802,0.0,2,27.0,1,45.0,2,
803,0.0,1,27.0,1,
813,90.0,2,45.0,1,
814,90.0,4,45.0,1,
815,-63.0,1,90.0,2,
816,-63.0,1,90.0,1,
817,-72.0,1,45.0,3,
818,45.0,1,
819,-45.0,1,45.0,1,
820,0.0,2,-45.0,1,45.0,1,
821,-56.0,1,
822,0.0,1,45.0,1,
900,0.0,6,
902,0.0,3,45.0,1,
903,0.0,3,45.0,2,
912,0.0,1,
913,-76.0,1,
914,0.0,1,90.0,1,-76.0,1,
915,-72.0,1,-63.0,1,90.0,2,
916,-56.0,1,90.0,2,
918,-63.0,1,45.0,1,
919,-72.0,1,45.0,5,
920,0.0,1,-63.0,1,45.0,2,
922,-45.0,1,
1000,0.0,4,27.0,1,14.0,1,
1001,0.0,1,
1002,0.0,1,
1003,0.0,2,27.0,3,45.0,1,
1004,0.0,1,
1012,0.0,1,
1013,-63.0,1,90.0,2,
1014,0.0,1,90.0,3,
1015,90.0,1,45.0,1,
1016,90.0,1,45.0,1,
1017,-63.0,1,90.0,1,
1018,-72.0,1,90.0,1,45.0,3,
1019,45.0,3,63.0,1,
1020,56.0,1,
1021,45.0,1,
1100,0.0,3,27.0,1,45.0,1,
1101,0.0,1,27.0,1,
1103,0.0,2,27.0,3,
1104,34.0,1,
1112,0.0,1,
1113,0.0,3,
1114,90.0,2,
1115,72.0,1,45.0,1,
1116,72.0,1,45.0,1,
1117,72.0,1,45.0,3,63.0,1,
1118,90.0,2,45.0,2,63.0,1,
1119,90.0,1,
1120,90.0,1,
1121,56.0,1,
1122,45.0,1,
1200,0.0,2,45.0,1,
1201,0.0,2,27.0,2,45.0,2,
1203,0.0,3,27.0,1,45.0,1,
1204,0.0,1,45.0,2,
1205,45.0,1,
1212,45.0,1,
1213,90.0,1,45.0,3,
1214,0.0,1,72.0,1,90.0,2,76.0,1,
1215,90.0,1,45.0,1,63.0,1,
1218,90.0,1,45.0,3,63.0,1,
1219,45.0,6,
1222,34.0,1,
1301,0.0,2,18.0,1,27.0,2,
1302,27.0,1,
1303,0.0,1,
1304,0.0,1,27.0,3,45.0,1,
1305,34.0,1,
1306,45.0,1,
1314,27.0,1,
1315,90.0,3,63.0,1,
1316,72.0,1,63.0,1,45.0,2,53.0,1,
1317,45.0,3,
1319,45.0,5,
1320,0.0,1,27.0,1,45.0,3,63.0,1,
1321,45.0,1,
1323,14.0,1,
1401,0.0,3,27.0,1,45.0,1,
1402,27.0,1,45.0,2,
1403,45.0,1,
1404,27.0,2,45.0,3,
1405,45.0,1,
1406,45.0,1,
1416,90.0,1,
1417,37.0,1,45.0,3,63.0,1,
1418,90.0,1,45.0,2,
1420,27.0,2,45.0,3,
1421,45.0,2,
1422,45.0,1,
1423,0.0,1,
1501,0.0,1,45.0,1,
1502,0.0,1,34.0,1,27.0,2,45.0,1,
1503,34.0,1,
1504,45.0,3,
1505,0.0,2,34.0,1,27.0,1,37.0,1,
1507,45.0,1,
1508,45.0,1,
1517,0.0,1,
1518,0.0,1,27.0,2,45.0,2,
1519,45.0,1,
1520,0.0,2,45.0,1,-34.0,1,
1521,0.0,1,27.0,1,45.0,1,
1522,45.0,1,
1523,0.0,1,
1602,27.0,2,45.0,3,
1603,34.0,1,45.0,2,
1604,34.0,1,
1605,0.0,2,27.0,1,45.0,2,
1606,45.0,3,
1608,45.0,1,
1609,63.0,1,
1617,0.0,1,
1618,0.0,3,45.0,1,
1619,0.0,1,45.0,1,
1620,0.0,1,45.0,2,
1621,0.0,3,
1622,0.0,2,
1623,0.0,1,45.0,1,
1702,0.0,1,45.0,1,
1703,34.0,1,45.0,4,
1704,45.0,1,
1705,45.0,1,
1706,27.0,1,45.0,5,
1707,45.0,2,53.0,1,
1709,45.0,1,
1710,56.0,1,
1711,72.0,1,
1712,90.0,1,
1716,90.0,1,
1717,90.0,1,-45.0,1,
1718,0.0,1,-56.0,1,-45.0,2,
1720,-45.0,1,45.0,1,
1721,0.0,3,
1722,-45.0,1,
1723,0.0,1,
1803,0.0,1,45.0,3,
1804,45.0,3,37.0,1,
1806,45.0,2,
1807,0.0,1,45.0,3,63.0,1,
1808,45.0,2,53.0,1,
1809,63.0,1,
1813,90.0,1,
1814,90.0,1,
1815,90.0,1,45.0,1,
1816,-63.0,1,
1817,45.0,4,
1818,45.0,3,
1819,0.0,1,
1820,0.0,3,45.0,2,
1821,0.0,2,-45.0,1,45.0,1,
1823,0.0,1,
1903,45.0,1,
1904,0.0,1,45.0,3,
1905,45.0,3,
1907,45.0,2,
1908,56.0,1,90.0,1,45.0,2,63.0,1,
1909,72.0,1,56.0,1,90.0,2,63.0,1,
1910,76.0,1,45.0,1,
1911,76.0,1,
1912,90.0,1,
1913,90.0,1,
1914,90.0,1,
1915,-72.0,1,
1916,90.0,1,45.0,2,
1917,45.0,3,
1919,90.0,1,-45.0,1,
1920,0.0,2,-45.0,2,45.0,1,
1923,0.0,1,
2004,45.0,1,
2005,45.0,4,
2006,45.0,2,53.0,1,
2007,90.0,1,
2008,90.0,1,
2009,45.0,2,
2010,72.0,1,90.0,2,63.0,1,
2011,72.0,2,90.0,1,63.0,1,
2012,72.0,1,90.0,3,
2013,90.0,4,
2014,90.0,4,
2015,-63.0,1,90.0,3,
2016,-72.0,1,90.0,1,45.0,2,
2017,-72.0,1,45.0,1,
2018,-72.0,1,45.0,1,
2019,0.0,1,45.0,3,
2020,-45.0,1,45.0,2,
2022,0.0,1,
