512,-72.0,1,90.0,2,
513,90.0,1,45.0,1,
2219,90.0,1,
5,0.0,3,90.0,3,
6,90.0,6,
7,90.0,6,
1620,90.0,2,
2220,90.0,1,
11,90.0,1,
12,90.0,5,45.0,1,
13,-79.0,1,90.0,4,-76.0,1,
14,-72.0,1,-79.0,1,90.0,3,-76.0,1,
15,-79.0,1,90.0,5,
16,90.0,6,
17,90.0,6,
18,90.0,6,
19,90.0,6,
20,90.0,6,
21,90.0,3,
22,0.0,2,90.0,1,
2217,90.0,1,
2015,90.0,2,
2422,45.0,1,
1706,-45.0,1,
2601,45.0,2,
2602,72.0,1,90.0,1,
2603,90.0,1,
2604,90.0,1,
2605,-72.0,1,-63.0,1,
2320,0.0,1,90.0,1,
2312,76.0,1,
2611,90.0,1,45.0,1,
2612,72.0,1,90.0,1,
2613,90.0,1,45.0,1,
2102,68.0,1,45.0,1,
2103,79.0,1,
2104,-79.0,1,
2105,0.0,1,-68.0,1,45.0,1,
2618,90.0,1,
2107,45.0,2,
2620,0.0,1,90.0,1,
2109,63.0,1,
2110,90.0,1,45.0,1,63.0,1,
2111,72.0,1,90.0,1,
2112,90.0,2,
1601,90.0,1,45.0,1,
2114,79.0,1,
2115,90.0,1,
2116,79.0,1,
1605,0.0,3,-45.0,1,45.0,1,
2118,90.0,1,
2119,90.0,1,
2120,90.0,1,
2121,90.0,1,
1610,63.0,1,
1611,90.0,1,68.0,1,
1920,0.0,1,90.0,1,
1613,90.0,2,
1614,72.0,1,79.0,1,
2317,90.0,1,
1616,90.0,2,
1105,0.0,6,
1618,90.0,2,
1107,0.0,4,34.0,1,
1108,27.0,1,
1621,90.0,1,
1622,90.0,1,
2319,90.0,1,
605,0.0,6,
1906,45.0,1,
609,90.0,1,45.0,2,
610,-63.0,1,90.0,3,
611,90.0,1,45.0,1,
2619,90.0,1,
1511,72.0,1,90.0,1,
2714,90.0,1,
105,0.0,6,
107,0.0,6,
2322,0.0,1,
110,90.0,1,-76.0,1,45.0,4,
111,-72.0,4,-79.0,1,90.0,1,
112,90.0,5,
1504,45.0,1,
120,0.0,3,
122,0.0,3,
2101,72.0,1,63.0,1,
2702,90.0,1,
2703,90.0,1,
2704,90.0,1,
1305,0.0,6,
2200,45.0,3,
2201,45.0,1,63.0,1,
2202,72.0,1,90.0,1,
2203,90.0,2,
2204,-72.0,2,
2717,90.0,1,
2718,90.0,1,
2207,90.0,2,
2720,90.0,1,
2416,90.0,1,
2210,90.0,1,
1307,0.0,3,
1700,34.0,1,45.0,2,
1701,45.0,1,
1702,68.0,1,
2215,90.0,1,45.0,1,
1704,90.0,1,
1820,0.0,1,90.0,1,
2218,90.0,1,
1707,0.0,1,45.0,2,
1708,45.0,2,63.0,2,
1709,90.0,1,45.0,1,63.0,1,
2222,0.0,1,
1309,45.0,1,
1712,79.0,1,
1713,79.0,1,
1714,90.0,1,
2419,90.0,1,
415,90.0,3,
1205,0.0,6,
1207,0.0,2,34.0,1,45.0,1,
1208,18.0,1,45.0,1,
2420,0.0,2,90.0,1,
1722,0.0,1,
313,-79.0,1,90.0,1,
608,-63.0,1,
2421,90.0,1,
705,0.0,6,
707,-45.0,1,
708,45.0,3,
709,90.0,2,45.0,2,
710,45.0,1,
205,0.0,6,
207,0.0,6,
208,-72.0,1,
209,-72.0,2,90.0,4,
210,-72.0,2,-63.0,1,90.0,2,
220,0.0,3,
222,0.0,3,
1916,90.0,1,
2211,76.0,1,
1410,56.0,1,
1917,90.0,1,
2003,90.0,2,
1615,90.0,2,
1919,90.0,1,
2300,0.0,1,45.0,1,
2301,90.0,1,
2302,76.0,1,
2303,45.0,1,
2304,45.0,1,
2305,-76.0,1,
2306,90.0,1,45.0,1,
2307,0.0,1,45.0,1,
2308,72.0,1,45.0,1,
2309,45.0,1,
1921,90.0,1,
1800,27.0,1,45.0,2,
1801,90.0,1,45.0,1,63.0,1,
2314,90.0,1,
1803,90.0,1,
1804,90.0,1,
1805,0.0,2,-45.0,1,
2318,90.0,1,
1807,-45.0,1,45.0,1,
1808,45.0,2,63.0,1,
1809,72.0,1,63.0,1,
1810,90.0,1,76.0,1,45.0,1,
1811,72.0,1,63.0,1,
1812,90.0,1,45.0,1,
1814,45.0,1,
1815,90.0,1,
1816,90.0,1,
1817,90.0,1,
1818,90.0,1,
1819,90.0,1,
1308,45.0,2,53.0,1,
1821,90.0,1,
1822,0.0,2,
1612,79.0,1,
805,0.0,6,
807,-45.0,1,
808,0.0,1,90.0,1,-45.0,1,45.0,2,
809,45.0,3,
305,0.0,6,
109,90.0,1,
307,0.0,5,76.0,1,
308,-72.0,1,90.0,2,45.0,3,
309,-63.0,1,90.0,2,45.0,2,
312,90.0,1,
2100,45.0,3,
314,-72.0,1,90.0,2,
315,-79.0,1,90.0,2,
316,-79.0,1,90.0,2,
317,90.0,3,
318,90.0,3,
319,90.0,3,
320,0.0,2,90.0,3,
321,90.0,2,
322,0.0,2,90.0,1,
1903,90.0,1,45.0,1,
2614,90.0,1,
2017,90.0,2,
1806,-63.0,1,45.0,1,
2615,90.0,1,
2616,90.0,1,
2019,90.0,2,
2617,90.0,1,
1508,45.0,2,
2313,76.0,1,
2021,90.0,1,
2400,45.0,2,
2403,90.0,1,
2404,90.0,1,
2022,0.0,2,
2406,45.0,2,
2409,63.0,2,
2410,45.0,1,
2713,90.0,1,
1900,53.0,1,45.0,1,
1901,72.0,1,45.0,2,
1902,72.0,1,76.0,1,79.0,1,
2415,90.0,1,
1904,90.0,3,
1905,0.0,2,90.0,1,-68.0,1,45.0,1,
2418,90.0,1,
1907,-45.0,1,45.0,1,
1908,45.0,2,
1909,90.0,1,63.0,2,
1910,76.0,1,45.0,1,
1911,79.0,1,
1912,72.0,1,90.0,1,79.0,1,
1913,72.0,1,90.0,1,76.0,1,
1914,90.0,3,
1915,72.0,1,
507,90.0,2,
1405,0.0,6,
1918,90.0,1,
1407,0.0,2,
1408,45.0,3,
1409,45.0,1,63.0,2,
1922,0.0,1,-45.0,1,
1502,45.0,1,
2113,79.0,1,
905,0.0,6,
907,0.0,2,
908,0.0,2,45.0,2,
1602,68.0,1,63.0,1,
2417,90.0,1,
1710,72.0,1,90.0,1,
1603,90.0,2,
2008,63.0,1,
405,0.0,6,
407,0.0,2,45.0,3,
408,-63.0,2,90.0,1,45.0,1,
1604,90.0,2,
410,-76.0,1,
411,90.0,1,-68.0,1,45.0,1,
412,-72.0,1,90.0,1,-76.0,1,45.0,1,
413,-79.0,1,90.0,2,-76.0,1,45.0,1,
414,90.0,3,-76.0,1,
2117,90.0,1,
416,90.0,3,
417,90.0,3,
418,90.0,3,
2715,90.0,1,
420,90.0,3,
421,90.0,1,
422,45.0,1,
2716,90.0,1,
1607,0.0,1,-45.0,1,45.0,1,79.0,1,
1608,45.0,2,
2009,90.0,2,45.0,1,
2206,45.0,1,
2316,90.0,1,
1609,56.0,1,45.0,1,
1600,45.0,2,
2719,90.0,1,
2122,0.0,2,
2214,90.0,2,
2208,90.0,1,
2500,45.0,1,
2501,90.0,1,63.0,1,
2505,45.0,1,
2506,45.0,2,
1720,0.0,1,
2509,45.0,1,
2510,72.0,1,90.0,1,
2511,90.0,1,
2000,0.0,1,
2001,59.0,1,45.0,1,
419,90.0,3,
2004,90.0,1,45.0,1,
2005,0.0,1,45.0,1,
2006,-72.0,1,
2007,-45.0,1,
2520,0.0,2,
2212,90.0,2,
2010,90.0,1,45.0,1,63.0,1,
2011,68.0,1,
2012,72.0,1,
1501,72.0,1,76.0,1,
2014,90.0,1,45.0,1,
2213,72.0,1,90.0,1,
2016,90.0,2,
1505,0.0,4,-45.0,1,45.0,1,
2018,90.0,2,
1507,0.0,2,
2020,90.0,2,
1509,45.0,2,
1510,68.0,1,63.0,1,
1617,90.0,2,
1512,72.0,1,
1513,45.0,1,
1005,0.0,6,
1007,0.0,4,45.0,2,
1008,0.0,1,45.0,1,
2216,90.0,1,
1619,90.0,2,
1705,0.0,3,90.0,1,
505,0.0,6,
2315,90.0,1,45.0,1,
1500,45.0,2,
509,-63.0,1,45.0,1,
510,-72.0,1,-63.0,1,45.0,1,
511,90.0,2,-76.0,2,45.0,1,
