512,-56.0,1,0.0,2,90.0,1,72.0,1,81.0,1,
513,0.0,1,90.0,1,45.0,1,79.0,1,
514,0.0,1,90.0,1,-45.0,3,45.0,1,
515,90.0,1,-45.0,1,-34.0,1,
4,90.0,5,
5,90.0,6,
6,0.0,1,90.0,3,
10,45.0,1,
11,-72.0,2,-63.0,2,45.0,1,
12,-63.0,2,90.0,2,-76.0,1,-82.0,1,
13,-76.0,1,90.0,2,-68.0,1,76.0,2,
14,81.0,1,90.0,2,67.0,1,76.0,1,63.0,1,
15,56.0,2,90.0,1,79.0,1,45.0,1,63.0,1,
16,56.0,1,59.0,1,45.0,1,
17,45.0,1,
516,0.0,1,-31.0,1,-45.0,2,
517,-45.0,1,45.0,1,-27.0,1,
1712,0.0,1,90.0,1,-27.0,1,
1416,-63.0,1,-45.0,3,45.0,1,
518,-27.0,1,
1713,90.0,1,
1018,27.0,1,
604,0.0,5,
1117,0.0,1,18.0,1,
1118,0.0,1,
2104,45.0,2,
2105,56.0,1,45.0,2,
2106,63.0,1,
2110,-63.0,1,-45.0,1,-59.0,1,
2111,45.0,1,
1600,45.0,2,
1601,63.0,3,
1602,81.0,1,90.0,1,45.0,1,
1603,90.0,2,
1604,-72.0,2,-68.0,1,45.0,2,
1605,-68.0,1,45.0,2,63.0,1,
1606,45.0,2,
1608,45.0,1,63.0,1,
1609,18.0,1,45.0,2,39.0,1,
1610,0.0,2,
1611,90.0,2,27.0,1,
1100,45.0,1,
1613,90.0,3,
1614,-72.0,2,-81.0,1,
1615,90.0,1,45.0,1,
1104,0.0,5,
1105,0.0,3,
1106,0.0,4,
1107,-45.0,1,
1108,56.0,1,-56.0,1,-45.0,1,
1109,59.0,1,63.0,1,
1114,34.0,1,45.0,2,
1115,-45.0,1,22.0,1,
1116,0.0,1,18.0,1,27.0,1,45.0,1,-18.0,1,
605,0.0,3,
606,0.0,4,
607,90.0,1,
608,90.0,3,
609,90.0,3,
610,90.0,2,
611,90.0,1,45.0,2,
612,90.0,3,-74.0,1,
613,-56.0,1,90.0,3,45.0,2,
614,90.0,2,-76.0,1,45.0,2,
615,-56.0,1,45.0,2,
104,0.0,5,
617,90.0,1,45.0,2,
618,90.0,2,-76.0,1,
619,-79.0,1,90.0,1,-76.0,1,
620,-79.0,1,90.0,2,
621,-79.0,1,90.0,1,
110,0.0,2,-45.0,1,-34.0,1,
111,-45.0,3,45.0,1,
112,0.0,1,
616,0.0,1,90.0,1,-45.0,1,45.0,1,-37.0,1,
114,90.0,1,
115,37.0,1,45.0,2,
116,0.0,1,45.0,3,
117,34.0,1,45.0,1,
118,0.0,1,
105,0.0,3,
1812,-34.0,1,
106,0.0,4,
704,0.0,5,
1217,0.0,1,-34.0,1,
1218,-27.0,1,
622,0.0,1,90.0,1,
2205,72.0,1,63.0,1,
2206,72.0,1,76.0,1,63.0,1,
2207,81.0,1,90.0,1,
1017,0.0,1,27.0,1,
2209,-72.0,2,-76.0,1,
2210,45.0,1,
1702,90.0,1,
1703,90.0,1,45.0,1,
1704,0.0,1,-45.0,1,14.0,1,
1705,90.0,1,45.0,1,
1706,45.0,3,
711,0.0,2,45.0,1,
1708,90.0,1,
1709,-63.0,1,-22.0,1,27.0,2,45.0,1,
1710,-45.0,1,45.0,3,
1711,0.0,3,18.0,1,-76.0,1,
1200,0.0,1,-63.0,2,
1201,51.0,1,37.0,1,53.0,1,
1202,90.0,1,
1203,45.0,1,
1204,0.0,3,-22.0,1,45.0,1,-34.0,1,
1205,0.0,1,-11.0,1,45.0,1,
1206,0.0,2,-27.0,2,
1207,-45.0,1,-34.0,1,
1208,0.0,1,45.0,1,79.0,1,-45.0,1,56.0,1,90.0,1,
1209,60.0,1,45.0,1,
1210,68.0,1,90.0,1,76.0,1,
1211,68.0,1,76.0,1,
1212,90.0,1,76.0,1,
1213,90.0,1,45.0,1,
1214,0.0,2,-53.0,1,-76.0,1,
1215,-72.0,1,90.0,1,-18.0,1,
1216,0.0,2,-22.0,1,45.0,1,
705,0.0,3,
706,0.0,4,
707,0.0,2,90.0,1,
708,0.0,2,90.0,3,
709,0.0,1,90.0,3,
710,0.0,2,90.0,1,
1313,-72.0,1,90.0,1,
712,0.0,1,90.0,2,-76.0,1,
716,72.0,1,90.0,3,-59.0,1,-81.0,1,
714,-63.0,1,
715,-56.0,1,-63.0,2,45.0,2,
204,0.0,5,
205,0.0,3,
206,0.0,4,
717,90.0,2,-76.0,1,14.0,1,-81.0,1,
720,0.0,1,90.0,3,
721,90.0,1,
210,0.0,3,-45.0,2,
211,0.0,2,-45.0,1,45.0,1,
212,-63.0,1,-53.0,1,-76.0,1,45.0,1,-74.0,1,
213,-72.0,1,74.0,1,76.0,2,-51.0,1,-81.0,1,
214,56.0,1,90.0,2,45.0,2,63.0,1,
215,68.0,1,45.0,2,
216,0.0,1,27.0,3,45.0,1,
1316,0.0,1,-63.0,1,-45.0,1,-27.0,1,
218,22.0,1,
719,90.0,2,-76.0,1,
1402,72.0,1,90.0,3,45.0,1,
1317,-45.0,1,45.0,1,-18.0,1,
1318,45.0,1,
722,0.0,2,
2307,90.0,1,
2308,90.0,1,
1803,34.0,1,
1804,-45.0,1,45.0,5,
1805,45.0,4,63.0,1,
1806,45.0,1,63.0,1,
1807,82.0,1,90.0,1,
1808,-72.0,1,79.0,1,
1809,0.0,2,-79.0,1,45.0,2,
1810,0.0,1,45.0,1,
1811,0.0,2,18.0,1,-45.0,1,-27.0,1,
1300,-63.0,1,27.0,1,37.0,2,45.0,1,
1301,45.0,3,37.0,1,
1302,74.0,1,68.0,1,90.0,1,
1303,90.0,2,-76.0,1,
1304,0.0,1,90.0,1,45.0,1,-27.0,2,
1305,0.0,1,-31.0,1,-45.0,1,45.0,1,
1306,0.0,1,-45.0,1,-18.0,1,
1307,51.0,1,45.0,1,-45.0,3,
1308,0.0,1,45.0,1,51.0,1,53.0,1,63.0,1,
1309,59.0,1,45.0,2,63.0,2,
1310,68.0,1,79.0,1,
1311,82.0,1,
1312,90.0,1,-82.0,1,
816,0.0,2,90.0,2,45.0,1,63.0,1,
1314,90.0,2,-45.0,2,
1315,0.0,1,45.0,1,
804,0.0,5,
805,0.0,3,
806,0.0,4,
807,0.0,2,18.0,1,
808,56.0,1,0.0,1,90.0,1,14.0,1,
809,0.0,2,90.0,2,-45.0,1,
810,0.0,1,-63.0,1,-59.0,1,
811,0.0,2,14.0,1,
812,0.0,1,74.0,1,45.0,1,
813,76.0,1,45.0,1,63.0,1,
814,-63.0,1,68.0,1,72.0,1,45.0,1,-56.0,1,63.0,1,
815,51.0,1,45.0,3,
304,0.0,5,
817,82.0,1,90.0,1,45.0,2,
818,82.0,1,90.0,1,79.0,1,
819,82.0,1,76.0,1,79.0,1,
820,0.0,2,-31.0,1,76.0,1,79.0,1,
821,0.0,1,90.0,1,79.0,1,
310,0.0,4,9.0,1,
311,0.0,2,-45.0,1,14.0,1,22.0,1,
312,90.0,1,34.0,1,14.0,1,
313,90.0,1,45.0,1,
314,27.0,1,45.0,2,
315,0.0,1,27.0,1,
316,0.0,2,27.0,1,45.0,2,
317,0.0,1,45.0,1,
318,0.0,1,
718,90.0,2,-76.0,1,-81.0,1,
1417,90.0,1,45.0,1,
822,0.0,1,-59.0,1,
113,45.0,1,
1516,45.0,2,
917,34.0,1,90.0,2,76.0,1,45.0,1,
1707,72.0,1,63.0,1,
217,27.0,2,
1903,0.0,1,45.0,1,
1904,0.0,1,-45.0,1,45.0,2,
1905,56.0,1,45.0,4,
1906,90.0,1,51.0,1,45.0,1,63.0,2,
1907,72.0,1,76.0,1,
1908,90.0,1,45.0,1,
1909,-63.0,1,90.0,1,-45.0,1,-27.0,1,
1910,-63.0,1,-45.0,1,45.0,1,
1911,-45.0,1,45.0,1,-18.0,1,-27.0,1,
1400,-56.0,1,18.0,1,-53.0,1,45.0,3,
1401,56.0,1,59.0,1,45.0,3,63.0,1,
916,72.0,1,34.0,1,76.0,1,45.0,2,
1403,-79.0,1,90.0,2,45.0,1,
1404,-63.0,1,90.0,1,45.0,4,
1405,0.0,1,-63.0,1,-45.0,2,45.0,2,
1406,0.0,1,
1407,0.0,1,56.0,1,-45.0,1,45.0,1,
1408,50.0,1,90.0,1,
1409,90.0,2,45.0,2,
1410,0.0,1,76.0,1,45.0,1,63.0,1,
1515,-63.0,1,90.0,1,45.0,2,
1412,90.0,4,
918,81.0,1,90.0,1,27.0,1,76.0,1,
1414,-63.0,1,90.0,2,45.0,2,
1415,-72.0,1,90.0,1,-53.0,1,45.0,1,
904,0.0,5,
905,0.0,3,
906,0.0,4,
907,0.0,1,18.0,1,
908,90.0,2,63.0,1,
909,-56.0,1,-63.0,1,90.0,1,
910,-27.0,1,
911,0.0,2,
912,76.0,3,
913,56.0,1,72.0,1,90.0,2,
914,45.0,4,
915,56.0,1,53.0,1,45.0,3,37.0,1,
404,0.0,5,
405,0.0,3,
406,0.0,4,
919,81.0,1,90.0,1,76.0,1,
920,81.0,1,-45.0,1,-27.0,1,
921,-45.0,1,
410,40.0,1,34.0,2,18.0,1,
411,27.0,1,45.0,4,
412,56.0,2,90.0,1,45.0,1,63.0,2,
413,0.0,2,
414,0.0,3,-27.0,1,
415,-27.0,1,-18.0,1,
416,0.0,2,-14.0,1,-27.0,1,
417,0.0,1,-18.0,1,
418,-18.0,1,
713,-72.0,1,0.0,1,45.0,1,-79.0,1,
1411,81.0,1,76.0,2,45.0,1,
2208,90.0,2,
1413,90.0,1,-76.0,2,-81.0,1,
1612,0.0,1,90.0,2,27.0,1,
305,0.0,3,
1101,45.0,1,
504,0.0,5,
2003,0.0,2,
2004,45.0,3,
2005,59.0,1,
2006,74.0,1,45.0,1,63.0,2,
2007,68.0,1,90.0,2,76.0,2,
2008,-72.0,2,90.0,2,-82.0,1,
2009,90.0,1,-68.0,1,45.0,1,
2010,0.0,1,-76.0,1,45.0,1,
2011,0.0,1,-45.0,1,-37.0,1,
1500,34.0,2,45.0,1,
1501,90.0,1,68.0,1,
1502,72.0,1,82.0,1,90.0,2,
1503,-72.0,1,90.0,2,-82.0,1,
1504,-63.0,1,90.0,1,45.0,1,
1505,-56.0,1,-45.0,2,45.0,1,
1507,63.0,2,
1508,45.0,3,63.0,1,
1509,34.0,1,45.0,1,
1510,0.0,1,27.0,1,31.0,1,
1511,0.0,1,82.0,1,
1512,0.0,1,90.0,1,-76.0,1,
1513,90.0,1,-81.0,1,
1514,-72.0,1,90.0,1,
306,0.0,4,
1004,0.0,5,
1005,0.0,3,
1006,0.0,4,
1013,45.0,1,63.0,1,
1014,53.0,1,45.0,2,31.0,1,
1015,0.0,2,45.0,2,
1016,0.0,1,27.0,1,45.0,3,22.0,1,
505,0.0,3,
506,0.0,4,
510,45.0,2,
511,72.0,2,59.0,1,67.0,1,
