1,90.0,1,45.0,4,
2,-56.0,1,-72.0,1,90.0,1,-63.0,3,
3,-72.0,1,90.0,4,-76.0,1,
4,90.0,6,
5,72.0,1,90.0,3,76.0,1,63.0,1,
6,72.0,1,56.0,1,63.0,4,
7,56.0,1,90.0,1,45.0,1,
14,90.0,1,
15,90.0,1,45.0,1,
16,90.0,1,
2100,0.0,2,27.0,1,
2101,45.0,1,
2102,63.0,1,
2103,72.0,1,45.0,2,
2104,90.0,3,
2105,0.0,1,-63.0,1,90.0,2,
2106,-72.0,1,27.0,1,45.0,2,
2107,-63.0,1,
2108,45.0,1,
2109,27.0,1,45.0,2,
2113,90.0,3,
2114,72.0,1,90.0,2,
2115,90.0,2,45.0,1,
2116,90.0,1,
2117,90.0,1,45.0,1,
2118,90.0,1,45.0,1,
2119,-45.0,1,45.0,1,
2120,45.0,1,
100,0.0,1,-45.0,1,45.0,3,
101,0.0,1,-63.0,1,45.0,4,
106,-45.0,1,-27.0,2,45.0,1,
107,0.0,1,-45.0,1,-27.0,1,45.0,1,
110,45.0,1,
111,-63.0,1,90.0,1,-76.0,1,45.0,2,
112,-63.0,2,90.0,2,-76.0,1,45.0,1,
113,-63.0,2,90.0,4,
114,90.0,5,45.0,1,
115,90.0,2,76.0,1,63.0,2,
116,72.0,1,90.0,3,45.0,1,63.0,1,
117,72.0,1,56.0,1,90.0,3,
118,72.0,1,45.0,1,63.0,1,
119,72.0,1,63.0,1,
2200,0.0,2,
2201,45.0,3,
2206,34.0,1,45.0,2,
2209,45.0,2,
2210,45.0,1,63.0,2,
2211,76.0,1,
2216,-72.0,1,
2217,-56.0,1,
2218,90.0,1,45.0,1,
2219,45.0,1,
200,0.0,1,-45.0,4,-27.0,1,
203,90.0,2,45.0,4,
204,-72.0,1,-63.0,1,90.0,3,76.0,1,
205,72.0,1,90.0,4,63.0,1,
206,72.0,1,0.0,1,90.0,2,-45.0,1,-27.0,1,
207,0.0,1,45.0,1,
209,45.0,2,
210,-72.0,1,-63.0,1,90.0,1,45.0,3,
211,-56.0,1,45.0,3,
212,45.0,1,
217,45.0,2,63.0,1,
218,90.0,1,45.0,2,63.0,1,
219,45.0,2,
220,56.0,1,63.0,1,
221,0.0,1,45.0,1,
2301,45.0,2,
2302,90.0,1,45.0,1,63.0,1,
2303,76.0,1,
2304,90.0,1,
2305,-76.0,1,
2306,-56.0,1,0.0,1,-45.0,1,
2307,45.0,1,
2310,45.0,1,
2311,63.0,2,
2312,90.0,1,76.0,1,63.0,1,
2313,90.0,2,
2314,90.0,2,
2315,90.0,1,-76.0,1,
2316,90.0,1,45.0,1,
2317,-63.0,2,
2318,45.0,1,
300,0.0,6,
302,0.0,4,45.0,2,
303,0.0,1,45.0,3,
305,90.0,1,45.0,2,
306,90.0,1,45.0,2,
308,45.0,4,
309,-63.0,2,45.0,4,
310,45.0,2,
311,45.0,1,
312,-72.0,1,45.0,1,
313,-63.0,1,90.0,1,
314,-63.0,1,90.0,2,
315,72.0,1,90.0,2,
316,72.0,1,90.0,1,63.0,1,
317,90.0,1,63.0,1,
318,45.0,1,
319,27.0,1,45.0,3,
320,27.0,1,
321,27.0,1,45.0,1,
322,0.0,1,45.0,1,
2402,45.0,2,
2403,63.0,2,
2404,90.0,2,
2405,-63.0,1,90.0,1,
2406,90.0,1,45.0,1,
2412,45.0,1,
2413,90.0,1,
2414,90.0,1,
2415,90.0,1,
2416,90.0,1,
400,0.0,5,14.0,1,
402,0.0,5,27.0,1,
403,0.0,1,45.0,2,
406,-72.0,1,45.0,1,
407,-63.0,1,45.0,4,
408,90.0,2,45.0,3,
409,45.0,1,
410,-56.0,1,45.0,2,
411,-63.0,2,90.0,1,45.0,3,
412,-72.0,1,-63.0,1,90.0,3,
413,-72.0,1,-63.0,1,90.0,2,
414,90.0,2,76.0,1,
415,63.0,3,
416,45.0,3,63.0,1,
417,90.0,1,45.0,1,
418,56.0,1,45.0,1,
419,0.0,1,27.0,1,45.0,1,
420,18.0,1,27.0,1,45.0,1,
422,27.0,2,
500,0.0,3,34.0,1,27.0,2,
502,34.0,1,27.0,1,45.0,1,
503,45.0,3,63.0,1,
504,72.0,1,90.0,2,
505,-72.0,1,90.0,2,45.0,1,
506,-72.0,1,-63.0,1,90.0,1,45.0,2,
507,-63.0,1,90.0,2,45.0,1,
509,-45.0,1,45.0,2,
510,-63.0,1,-45.0,1,45.0,3,
511,90.0,1,45.0,2,
516,45.0,1,37.0,1,
517,0.0,1,45.0,2,
519,34.0,1,27.0,1,18.0,1,
520,0.0,1,45.0,2,
522,0.0,1,45.0,1,
600,27.0,3,45.0,1,
601,45.0,3,
602,90.0,1,45.0,1,
603,56.0,1,63.0,2,
604,90.0,3,
605,-72.0,1,90.0,2,
606,90.0,1,45.0,1,
608,0.0,1,-45.0,1,45.0,1,
609,0.0,1,45.0,4,
610,45.0,2,
616,0.0,1,
617,0.0,3,-45.0,1,
618,45.0,1,
619,0.0,2,-18.0,1,
620,0.0,2,-27.0,1,
622,0.0,1,-27.0,1,
700,0.0,2,45.0,1,
701,45.0,4,
702,56.0,1,90.0,2,
703,90.0,2,63.0,1,
704,45.0,1,63.0,1,
707,0.0,1,-45.0,1,45.0,1,
708,0.0,2,45.0,3,
709,45.0,2,
716,0.0,1,45.0,1,
717,0.0,3,45.0,2,
718,45.0,2,
719,-27.0,1,-18.0,1,
720,0.0,2,-45.0,1,
721,45.0,1,
722,0.0,1,-27.0,1,
801,45.0,3,
802,63.0,3,
803,0.0,1,90.0,1,-45.0,1,76.0,1,45.0,1,
804,72.0,1,45.0,3,
806,0.0,1,-45.0,1,
807,-45.0,1,45.0,4,
808,45.0,3,
813,90.0,1,
814,90.0,1,
815,-63.0,1,90.0,1,
816,-63.0,1,90.0,1,-34.0,1,
817,0.0,2,45.0,2,
818,45.0,2,
819,-45.0,1,45.0,1,
820,0.0,2,45.0,1,
821,0.0,1,45.0,1,
822,0.0,1,
902,-45.0,1,45.0,1,
903,0.0,1,90.0,2,-45.0,2,45.0,1,
904,0.0,1,45.0,3,
905,-45.0,1,45.0,1,
906,0.0,2,45.0,3,
907,0.0,2,-45.0,1,45.0,1,
908,0.0,1,90.0,1,
909,90.0,3,
910,90.0,3,
911,90.0,3,
912,0.0,1,90.0,1,
913,90.0,1,
914,90.0,2,
915,-72.0,1,45.0,2,
916,-72.0,1,45.0,3,
917,-63.0,2,45.0,1,
918,90.0,1,45.0,2,
919,0.0,1,90.0,1,-45.0,1,
920,0.0,1,45.0,2,
921,45.0,1,
1001,45.0,1,
1002,0.0,1,-45.0,1,45.0,1,
1003,0.0,1,-45.0,1,45.0,1,-34.0,1,
1004,0.0,1,45.0,2,
1005,0.0,1,-45.0,1,45.0,2,
1006,0.0,4,
1007,45.0,1,
1008,0.0,2,90.0,1,
1009,0.0,1,90.0,1,
1010,90.0,1,
1011,0.0,1,
1012,0.0,2,90.0,1,
1013,0.0,1,90.0,1,
1014,0.0,2,-72.0,1,90.0,1,45.0,1,
1015,90.0,2,45.0,1,
1016,45.0,1,
1017,56.0,1,90.0,1,
1018,45.0,3,63.0,2,
1019,-63.0,1,45.0,2,63.0,1,
1020,45.0,1,
1101,-45.0,2,
1102,0.0,1,-45.0,1,-34.0,1,
1103,0.0,1,45.0,2,
1104,-45.0,2,
1105,0.0,2,-45.0,2,
1106,45.0,1,
1107,0.0,1,
1108,0.0,1,90.0,2,63.0,1,
1109,0.0,1,90.0,4,
1110,0.0,1,90.0,4,
1111,0.0,1,90.0,2,
1112,0.0,4,
1113,90.0,3,
1114,0.0,1,72.0,1,90.0,2,
1115,56.0,1,63.0,1,
1116,-63.0,1,45.0,1,63.0,1,
1117,90.0,1,45.0,3,
1118,45.0,4,
1119,56.0,1,45.0,1,
1120,45.0,2,
1121,45.0,1,
1200,0.0,1,-45.0,1,
1201,0.0,3,-45.0,1,
1202,0.0,1,-45.0,2,45.0,1,
1203,-45.0,2,
1204,0.0,1,-45.0,2,45.0,1,
1205,0.0,1,45.0,1,
1207,0.0,1,
1208,0.0,2,
1209,56.0,1,
1210,0.0,2,90.0,1,
1211,0.0,1,90.0,1,
1212,0.0,2,-45.0,1,
1213,0.0,1,
1214,90.0,1,
1215,90.0,1,
1216,0.0,1,72.0,1,45.0,2,63.0,1,
1217,90.0,2,45.0,3,63.0,1,
1218,45.0,1,
1219,45.0,1,
1220,34.0,1,63.0,1,
1221,27.0,1,45.0,1,
1222,45.0,1,
1300,0.0,1,-45.0,1,45.0,1,
1301,0.0,1,-45.0,1,45.0,1,-34.0,1,
1302,0.0,2,
1303,0.0,4,
1304,0.0,2,-45.0,2,
1307,0.0,1,
1308,0.0,2,90.0,1,
1309,90.0,1,
1310,0.0,1,-56.0,1,
1311,0.0,1,
1312,0.0,1,63.0,1,
1313,76.0,1,45.0,1,63.0,1,
1314,90.0,2,63.0,1,
1317,18.0,1,45.0,4,
1318,0.0,1,45.0,2,63.0,2,
1319,0.0,1,
1320,27.0,1,
1321,45.0,1,
1322,27.0,2,
1400,0.0,3,-27.0,1,
1401,0.0,3,
1402,0.0,2,
1403,-45.0,2,45.0,1,-34.0,1,
1404,0.0,1,
1408,90.0,2,
1409,90.0,2,
1410,90.0,2,
1411,45.0,1,
1414,45.0,2,
1415,53.0,1,63.0,2,
1416,45.0,3,
1417,0.0,1,
1418,45.0,3,
1419,27.0,2,45.0,3,
1420,0.0,1,
1422,0.0,1,27.0,1,
1500,0.0,3,-45.0,1,-27.0,1,45.0,1,
1501,0.0,1,
1502,0.0,3,45.0,1,
1503,0.0,4,
1509,45.0,1,
1510,-63.0,1,45.0,1,
1511,-63.0,1,45.0,1,
1512,45.0,1,
1516,34.0,1,45.0,2,
1517,-45.0,1,45.0,2,
1518,45.0,1,
1519,0.0,2,34.0,1,45.0,2,
1520,45.0,2,-27.0,1,
1522,0.0,2,
1600,0.0,3,27.0,1,-45.0,1,-18.0,1,
1602,0.0,4,-45.0,1,
1603,0.0,2,27.0,1,45.0,1,
1608,0.0,1,
1609,90.0,1,45.0,1,
1610,45.0,1,
1611,45.0,2,
1612,56.0,1,45.0,2,
1613,90.0,1,63.0,1,
1615,90.0,1,
1616,0.0,1,90.0,1,
1617,27.0,1,45.0,4,
1618,-45.0,1,
1619,-45.0,1,45.0,1,
1620,27.0,1,-45.0,1,45.0,1,
1621,45.0,1,
1622,0.0,2,
1700,0.0,4,18.0,1,34.0,1,
1702,0.0,4,
1703,0.0,1,45.0,2,
1704,90.0,2,
1705,-72.0,1,90.0,1,
1706,27.0,1,45.0,1,
1709,0.0,1,37.0,1,
1710,-56.0,1,45.0,1,
1711,45.0,1,
1712,34.0,1,
1713,45.0,1,
1714,90.0,2,
1715,90.0,1,45.0,1,
1716,-63.0,1,45.0,1,
1717,0.0,3,45.0,1,
1718,45.0,1,
1719,0.0,2,-45.0,1,
1720,0.0,2,45.0,1,
1721,45.0,1,
1722,-18.0,1,
1800,0.0,3,45.0,2,
1801,27.0,1,37.0,1,
1802,0.0,3,
1803,45.0,1,
1804,45.0,1,
1805,45.0,1,
1806,0.0,1,90.0,1,27.0,1,
1807,0.0,1,45.0,1,
1809,-63.0,1,27.0,1,
1810,56.0,1,45.0,3,63.0,1,
1811,72.0,1,45.0,1,
1812,45.0,1,
1813,63.0,1,
1814,56.0,1,
1815,90.0,1,
1816,90.0,1,-34.0,1,
1817,0.0,2,90.0,2,
1818,45.0,2,
1819,-27.0,1,45.0,1,
1820,0.0,2,45.0,1,
1821,0.0,1,
1822,0.0,1,
1900,0.0,3,27.0,1,
1901,45.0,2,
1902,0.0,1,56.0,1,27.0,2,63.0,1,
1903,90.0,2,
1904,72.0,1,90.0,1,
1905,90.0,2,45.0,1,
1906,-63.0,1,90.0,1,45.0,1,
1907,0.0,2,-45.0,1,
1908,-56.0,1,
1909,45.0,3,
1910,90.0,2,45.0,1,
1911,45.0,4,
1912,72.0,1,90.0,1,45.0,1,
1913,72.0,1,90.0,1,
1914,90.0,2,
1915,-72.0,1,90.0,2,
1916,90.0,2,45.0,2,
1917,0.0,1,90.0,1,45.0,2,
1918,90.0,1,
1919,45.0,1,-34.0,1,
1920,0.0,1,-45.0,1,45.0,1,
1921,0.0,1,
2000,0.0,2,18.0,1,
2001,34.0,1,
2002,0.0,2,45.0,1,
2003,45.0,2,53.0,1,
2004,90.0,1,-76.0,1,
2005,90.0,2,
2007,27.0,1,
2008,90.0,1,37.0,1,45.0,1,
2009,45.0,2,
2011,45.0,2,63.0,1,
2012,56.0,1,72.0,1,63.0,2,
2013,90.0,1,76.0,1,45.0,1,
2014,-76.0,1,
2015,90.0,2,
2016,90.0,1,45.0,1,
2017,45.0,1,
2018,45.0,2,
2019,0.0,2,-56.0,1,
2020,-63.0,1,-45.0,1,45.0,1,
