5,0.0,3,90.0,2,
6,90.0,6,
7,90.0,6,
8,0.0,1,
12,-63.0,1,45.0,1,
13,-72.0,1,-76.0,1,45.0,1,
14,90.0,3,-76.0,2,45.0,1,
15,-72.0,1,-79.0,1,90.0,4,
16,90.0,5,79.0,1,
17,72.0,1,90.0,3,59.0,1,76.0,1,
18,76.0,1,90.0,2,68.0,1,45.0,2,
19,56.0,1,72.0,1,90.0,2,
20,45.0,1,
2100,0.0,1,90.0,1,45.0,1,
2101,63.0,1,
2102,72.0,1,63.0,1,
2103,90.0,3,
2104,90.0,1,-76.0,1,45.0,1,
2105,-45.0,1,45.0,1,
2106,-45.0,1,45.0,1,
2107,0.0,2,-45.0,1,
2111,45.0,2,
2112,45.0,2,
2113,53.0,1,
2114,90.0,1,45.0,1,
2115,90.0,2,45.0,1,
2116,90.0,1,45.0,1,
2117,90.0,1,
2118,45.0,1,
2119,-45.0,1,45.0,2,
2120,45.0,2,
2121,0.0,1,45.0,1,
2122,0.0,1,
105,0.0,5,
106,0.0,1,
107,0.0,5,
108,0.0,1,
111,45.0,1,
112,90.0,2,45.0,1,
113,-56.0,1,-63.0,1,-53.0,1,45.0,1,
114,90.0,2,
118,53.0,1,63.0,1,
119,90.0,1,45.0,3,63.0,1,
120,45.0,3,63.0,1,
121,45.0,1,
2200,56.0,1,90.0,1,63.0,1,
2201,72.0,1,45.0,2,63.0,1,
2202,68.0,1,45.0,1,
2203,90.0,1,
2204,90.0,1,
2205,-68.0,1,45.0,2,
2206,-63.0,1,-45.0,1,45.0,1,
2207,0.0,1,-45.0,1,
2211,45.0,1,
2212,56.0,1,45.0,2,
2213,45.0,1,63.0,1,
2214,68.0,1,
2215,56.0,1,79.0,1,
2216,90.0,2,
2217,90.0,2,
2218,-79.0,1,90.0,2,
2219,-72.0,1,45.0,2,
2220,45.0,1,
2221,0.0,1,
205,0.0,5,
206,0.0,1,
207,0.0,5,
208,0.0,1,
211,-45.0,1,45.0,1,
212,0.0,2,45.0,2,
213,45.0,2,
214,-79.0,1,
215,90.0,2,
216,-72.0,1,90.0,1,45.0,1,63.0,1,
217,90.0,2,
218,90.0,1,
219,45.0,2,
220,45.0,3,
221,27.0,1,45.0,3,
222,45.0,1,
2300,0.0,1,
2301,56.0,1,63.0,1,
2302,72.0,2,90.0,1,
2303,90.0,2,
2304,-72.0,1,90.0,1,
2305,-72.0,1,90.0,1,
2306,90.0,1,
2307,0.0,1,
2312,45.0,1,
2313,72.0,1,45.0,1,
2314,90.0,1,63.0,1,
2315,90.0,1,45.0,1,
2316,90.0,1,45.0,1,
2317,-63.0,1,45.0,1,
2318,90.0,1,45.0,1,
2319,-63.0,1,
2321,0.0,1,
305,0.0,5,
306,0.0,1,
307,0.0,5,
308,0.0,1,
310,-34.0,1,
311,0.0,2,-45.0,1,
312,-45.0,2,45.0,2,
313,45.0,2,
314,-72.0,1,45.0,2,
315,-56.0,1,-63.0,1,90.0,1,-68.0,1,
316,90.0,2,-76.0,1,63.0,1,
317,72.0,1,90.0,1,45.0,2,63.0,1,
318,90.0,1,63.0,1,45.0,1,53.0,1,
319,56.0,1,27.0,1,45.0,1,
320,0.0,1,45.0,1,
321,27.0,2,45.0,1,
322,27.0,1,
2400,63.0,1,
2401,45.0,1,
2402,45.0,1,
2403,90.0,1,
2404,90.0,1,
2405,45.0,1,
2406,45.0,1,
2407,45.0,1,
2413,45.0,1,
2415,90.0,1,
2416,90.0,1,
2417,90.0,1,
2418,45.0,1,
2420,-63.0,1,
405,0.0,5,
406,0.0,1,
407,0.0,5,
408,0.0,1,
410,-45.0,2,
411,0.0,2,-27.0,2,
412,-45.0,1,45.0,1,
413,45.0,2,
414,0.0,1,-45.0,2,45.0,1,
415,90.0,1,
417,34.0,1,45.0,1,
418,45.0,4,
419,0.0,1,34.0,1,45.0,2,
420,0.0,1,18.0,1,27.0,1,
421,0.0,1,27.0,2,
422,27.0,1,45.0,1,
2501,63.0,1,
2502,63.0,1,
2505,90.0,1,
2506,45.0,1,
2513,45.0,1,
2514,56.0,1,
2515,90.0,1,
2518,90.0,1,
2519,-72.0,1,
505,0.0,5,
506,0.0,1,
507,0.0,5,
508,0.0,1,
510,0.0,2,
511,0.0,3,-27.0,1,
512,0.0,2,
513,0.0,1,45.0,1,-27.0,1,
514,0.0,1,-45.0,1,45.0,1,
517,45.0,1,
518,0.0,1,45.0,1,
519,45.0,3,
520,0.0,3,
521,0.0,1,45.0,1,
522,0.0,3,27.0,1,
2602,45.0,1,
2603,90.0,1,
2604,90.0,1,
2615,90.0,1,
2616,90.0,1,
2617,90.0,1,
2618,45.0,1,
605,0.0,5,
606,0.0,1,
607,0.0,4,18.0,1,
608,34.0,1,
610,0.0,2,
611,0.0,2,18.0,1,-45.0,1,
612,0.0,1,14.0,1,
613,0.0,3,
614,45.0,2,
617,0.0,1,
618,0.0,2,
619,0.0,3,
620,0.0,2,-27.0,1,
622,0.0,4,
705,0.0,5,
706,0.0,1,
707,0.0,2,34.0,1,27.0,1,45.0,1,
708,27.0,1,45.0,3,
709,45.0,1,
710,0.0,1,18.0,1,
711,0.0,2,14.0,1,
712,0.0,1,18.0,1,45.0,1,
713,0.0,2,18.0,1,27.0,1,
714,27.0,1,
715,45.0,1,
717,-45.0,1,
718,0.0,1,
719,0.0,2,-45.0,1,-27.0,1,
720,0.0,3,45.0,1,
721,0.0,1,
722,0.0,3,-27.0,1,
805,0.0,5,
806,0.0,1,
807,45.0,2,
808,0.0,1,34.0,1,45.0,2,53.0,1,
809,90.0,1,45.0,2,
810,56.0,1,0.0,1,45.0,1,
811,18.0,1,0.0,1,90.0,1,27.0,1,45.0,1,
812,27.0,1,45.0,1,
813,0.0,2,45.0,2,53.0,1,
814,0.0,1,90.0,1,37.0,1,45.0,1,
815,45.0,1,
816,72.0,1,90.0,1,
817,90.0,1,45.0,2,
818,0.0,2,-63.0,1,
819,0.0,1,-45.0,2,45.0,2,
820,0.0,1,
821,0.0,2,-34.0,1,
822,0.0,1,45.0,2,
905,0.0,5,
906,0.0,1,
907,90.0,1,
908,90.0,1,45.0,3,
909,72.0,1,63.0,1,45.0,2,53.0,1,
910,63.0,1,79.0,1,
911,-72.0,1,90.0,1,27.0,1,45.0,3,
912,72.0,1,34.0,1,45.0,1,
913,45.0,2,
914,90.0,1,45.0,4,
915,-79.0,1,68.0,1,
916,90.0,1,45.0,1,
917,90.0,1,45.0,1,
918,90.0,1,-53.0,1,45.0,1,
919,-45.0,2,45.0,2,
920,0.0,1,45.0,1,
921,90.0,1,-45.0,2,
922,0.0,1,
1005,0.0,5,
1006,0.0,1,
1007,0.0,1,90.0,1,
1008,0.0,1,59.0,1,45.0,1,
1009,45.0,3,63.0,2,
1010,72.0,2,90.0,1,63.0,1,
1011,72.0,1,-63.0,1,90.0,1,79.0,1,
1012,90.0,1,27.0,1,-76.0,1,45.0,1,
1014,45.0,1,63.0,1,
1015,90.0,1,45.0,1,63.0,1,
1016,-72.0,1,90.0,2,
1017,-76.0,1,45.0,1,
1018,45.0,3,
1019,45.0,2,
1020,45.0,3,
1021,-45.0,2,45.0,1,
1105,0.0,5,
1106,0.0,1,
1107,0.0,3,90.0,1,
1108,0.0,1,45.0,2,63.0,1,
1109,68.0,1,76.0,1,45.0,1,
1110,72.0,1,79.0,1,
1111,72.0,1,90.0,2,
1112,90.0,1,45.0,2,
1113,0.0,1,
1114,90.0,1,
1115,90.0,1,45.0,1,63.0,1,
1116,-72.0,1,90.0,1,45.0,1,
1117,90.0,2,
1118,56.0,1,-63.0,1,90.0,1,63.0,1,
1119,27.0,1,45.0,3,63.0,1,
1120,0.0,1,90.0,1,
1121,45.0,2,
1122,45.0,1,
1205,0.0,5,
1206,0.0,1,
1207,0.0,5,
1208,0.0,1,56.0,1,90.0,1,45.0,1,
1209,72.0,1,63.0,1,
1210,72.0,1,90.0,1,45.0,1,79.0,1,
1211,90.0,1,-45.0,1,45.0,1,79.0,1,
1212,0.0,1,90.0,1,76.0,1,
1213,45.0,1,
1214,-63.0,1,45.0,1,
1215,45.0,1,
1216,90.0,1,63.0,1,
1217,90.0,1,45.0,1,
1218,45.0,1,
1219,34.0,1,45.0,3,
1220,90.0,1,53.0,1,45.0,1,
1222,27.0,1,
1305,0.0,5,
1306,0.0,1,
1307,0.0,5,
1308,0.0,1,
1309,72.0,1,
1310,90.0,1,-27.0,1,45.0,1,
1311,0.0,1,90.0,1,-45.0,1,45.0,1,
1312,-45.0,2,45.0,1,63.0,1,
1313,45.0,1,
1314,0.0,1,90.0,1,45.0,1,
1315,90.0,2,-68.0,1,
1316,72.0,1,-76.0,1,45.0,1,
1317,72.0,2,37.0,1,
1318,53.0,1,
1319,0.0,1,45.0,2,
1320,0.0,1,27.0,1,45.0,1,63.0,1,
1321,37.0,1,45.0,1,
1322,45.0,1,
1405,0.0,5,
1406,0.0,1,
1407,0.0,5,
1408,0.0,1,
1410,0.0,1,45.0,1,
1411,0.0,2,90.0,1,-45.0,1,45.0,1,
1412,0.0,1,-45.0,1,63.0,1,
1413,45.0,1,
1414,0.0,2,45.0,2,
1415,-63.0,1,
1416,90.0,1,
1417,56.0,1,0.0,1,90.0,1,45.0,1,
1418,0.0,1,45.0,1,53.0,1,
1419,34.0,1,45.0,1,
1420,0.0,2,45.0,2,
1421,34.0,2,45.0,1,
1422,0.0,1,
1505,0.0,5,
1506,0.0,1,
1507,0.0,5,
1508,0.0,1,
1510,0.0,1,-45.0,1,
1511,0.0,2,-45.0,1,
1512,0.0,1,45.0,2,
1513,45.0,2,-27.0,1,
1514,18.0,1,45.0,2,
1515,-72.0,1,
1517,45.0,3,
1518,0.0,2,56.0,1,
1519,34.0,1,45.0,1,
1520,0.0,1,27.0,1,-45.0,1,
1521,0.0,1,45.0,2,
1522,0.0,1,-27.0,1,
1601,90.0,1,
1605,0.0,6,
1606,0.0,1,
1607,0.0,5,
1608,0.0,1,
1610,0.0,1,18.0,1,
1611,0.0,1,18.0,1,-45.0,1,45.0,1,
1612,0.0,1,18.0,1,27.0,1,45.0,1,
1613,0.0,1,-45.0,1,45.0,1,
1614,0.0,1,45.0,1,
1615,45.0,1,
1617,-34.0,1,
1618,0.0,1,
1619,0.0,1,27.0,1,45.0,2,
1620,0.0,1,-45.0,1,
1621,45.0,2,
1622,0.0,3,-27.0,1,
1700,45.0,2,
1701,72.0,1,90.0,1,
1702,72.0,1,
1703,90.0,1,
1704,90.0,1,
1705,0.0,4,45.0,1,-27.0,1,
1707,0.0,4,-45.0,1,-27.0,1,
1708,45.0,1,
1710,0.0,1,27.0,1,
1711,0.0,3,
1712,34.0,1,45.0,1,
1713,27.0,1,0.0,1,51.0,1,45.0,1,
1714,0.0,1,
1715,90.0,1,
1716,72.0,1,45.0,1,
1717,90.0,1,-45.0,1,
1718,0.0,1,90.0,1,
1719,0.0,1,-45.0,1,45.0,1,-18.0,1,
1720,0.0,1,45.0,1,
1721,0.0,1,45.0,1,
1722,0.0,2,45.0,2,
1800,-56.0,1,45.0,1,
1801,45.0,2,
1802,68.0,1,
1803,79.0,1,
1804,-72.0,1,
1805,0.0,3,-27.0,1,
1806,-45.0,1,45.0,1,
1807,0.0,6,
1810,0.0,1,45.0,1,
1811,0.0,1,34.0,1,27.0,1,18.0,1,
1812,0.0,1,
1813,0.0,1,45.0,3,
1814,68.0,1,37.0,1,
1815,-79.0,1,
1816,-72.0,1,
1818,-45.0,1,45.0,1,
1819,0.0,2,-45.0,2,
1820,0.0,1,45.0,2,
1821,45.0,1,-27.0,1,
1822,0.0,2,
1900,90.0,1,45.0,1,
1901,79.0,1,45.0,1,63.0,1,
1902,72.0,1,45.0,1,
1903,90.0,1,
1904,90.0,1,
1905,0.0,2,90.0,1,-45.0,1,-27.0,1,
1906,45.0,2,
1907,0.0,3,-45.0,1,
1910,0.0,1,
1911,18.0,1,27.0,2,45.0,1,
1912,45.0,2,
1913,0.0,1,45.0,1,
1914,72.0,1,34.0,1,45.0,1,
1915,72.0,1,68.0,1,
1916,90.0,1,
1917,90.0,2,45.0,1,
1918,-63.0,1,90.0,2,45.0,2,
1919,0.0,1,-63.0,1,45.0,2,
1920,0.0,1,-63.0,1,45.0,1,
1921,0.0,1,-45.0,1,
1922,0.0,1,
2000,-63.0,1,45.0,2,
2001,56.0,1,76.0,1,63.0,1,
2002,76.0,1,79.0,1,
2003,90.0,1,
2004,-79.0,1,90.0,2,
2005,0.0,2,-72.0,1,-45.0,1,45.0,1,
2007,0.0,3,-34.0,1,
2011,0.0,1,27.0,1,45.0,1,
2012,72.0,1,37.0,1,45.0,1,
2013,68.0,1,45.0,1,
2014,72.0,1,0.0,1,90.0,1,45.0,1,
2015,72.0,1,45.0,1,
2016,90.0,3,
2017,90.0,1,-68.0,1,45.0,2,
2018,45.0,2,
2019,0.0,1,45.0,1,
2020,0.0,1,45.0,1,
2021,0.0,1,-45.0,1,
2022,-45.0,1,
