3,90.0,1,45.0,2,
4,-72.0,2,90.0,3,-76.0,1,
5,-72.0,1,-63.0,1,90.0,4,
6,-63.0,1,90.0,5,
7,-72.0,1,90.0,5,
8,0.0,2,90.0,2,
11,90.0,1,45.0,1,
12,-72.0,1,-63.0,2,90.0,1,
13,-72.0,1,-63.0,2,90.0,3,
14,-72.0,1,90.0,5,
15,-72.0,1,90.0,4,76.0,1,
16,72.0,1,90.0,2,63.0,3,
17,72.0,2,90.0,1,63.0,3,
18,72.0,1,90.0,1,45.0,1,
19,56.0,1,90.0,1,
20,45.0,1,
2100,45.0,1,
2101,0.0,1,
2102,45.0,2,63.0,1,
2103,90.0,1,63.0,3,
2104,63.0,1,
2105,72.0,1,63.0,1,
2106,63.0,1,
2107,45.0,1,
2114,90.0,1,
2115,-72.0,1,90.0,1,
2116,90.0,1,45.0,2,
2117,90.0,3,45.0,1,
2118,-63.0,1,90.0,1,45.0,1,
2121,45.0,1,
102,-56.0,1,-63.0,1,90.0,1,45.0,3,
103,-56.0,1,-63.0,2,90.0,2,45.0,1,
104,45.0,1,
107,0.0,2,
108,0.0,4,
110,45.0,2,
111,-56.0,1,45.0,4,
112,45.0,2,
117,45.0,1,
118,45.0,2,63.0,2,
119,45.0,3,
120,45.0,2,
121,45.0,1,
2201,45.0,1,
2202,90.0,1,
2203,45.0,2,
2204,56.0,1,63.0,2,
2205,72.0,1,90.0,1,45.0,1,63.0,1,
2206,90.0,1,76.0,1,
2207,90.0,1,76.0,1,
2208,90.0,2,
2209,90.0,1,63.0,1,
2210,90.0,2,
2211,90.0,2,
2212,90.0,1,-76.0,1,
2213,-63.0,1,-76.0,1,
2214,90.0,2,45.0,1,
2215,90.0,3,
2216,-63.0,1,90.0,2,
2217,45.0,2,
2220,45.0,1,
201,45.0,6,
202,45.0,5,
205,90.0,2,-76.0,1,45.0,2,
206,-72.0,1,90.0,3,-76.0,1,
207,-72.0,1,-63.0,1,90.0,4,
208,0.0,2,90.0,1,-45.0,1,
209,0.0,1,
210,0.0,1,-45.0,3,
211,0.0,1,-45.0,1,
213,90.0,1,
214,90.0,1,45.0,1,
215,90.0,1,45.0,1,
216,90.0,1,
217,90.0,1,
218,45.0,1,
219,27.0,1,45.0,3,
220,45.0,3,
221,45.0,2,
222,0.0,1,
2302,45.0,1,
2303,63.0,1,
2306,90.0,2,45.0,1,
2307,90.0,2,63.0,1,
2308,72.0,1,90.0,2,
2309,90.0,3,
2310,90.0,3,
2311,90.0,3,
2312,-72.0,1,90.0,2,
2313,90.0,3,
2314,90.0,2,
2318,90.0,1,
2319,90.0,1,
300,0.0,1,-45.0,2,45.0,2,-34.0,1,
301,45.0,4,
303,-63.0,1,45.0,2,
304,-56.0,2,-63.0,2,90.0,1,45.0,1,
305,-63.0,1,90.0,2,45.0,2,
306,90.0,1,
309,0.0,1,45.0,1,
310,0.0,2,-45.0,1,
311,0.0,2,
312,-53.0,1,45.0,2,
313,0.0,1,-63.0,1,90.0,1,-72.0,1,45.0,1,
314,-56.0,1,90.0,3,45.0,1,
315,72.0,1,90.0,4,
316,56.0,1,45.0,2,63.0,2,
317,45.0,2,63.0,1,
318,56.0,1,45.0,1,
319,34.0,1,45.0,2,
320,0.0,1,34.0,1,45.0,1,
321,0.0,1,
322,27.0,1,45.0,1,
2404,63.0,1,
2405,63.0,1,
2406,90.0,1,
2416,90.0,1,
2417,90.0,1,
2418,45.0,1,
400,0.0,3,-45.0,2,-27.0,1,
402,-45.0,1,45.0,1,
403,0.0,1,45.0,5,
404,45.0,1,
409,0.0,2,
410,0.0,3,
411,0.0,1,
412,0.0,3,14.0,1,
413,0.0,1,45.0,1,
414,45.0,2,
416,45.0,1,
417,27.0,1,45.0,3,
418,45.0,3,
419,27.0,1,45.0,2,
420,27.0,1,45.0,3,
422,0.0,1,27.0,1,
2506,45.0,1,
2507,90.0,1,
2508,90.0,1,
2509,90.0,1,
2510,90.0,1,
2511,90.0,1,
2512,90.0,1,
2513,90.0,1,
2514,-63.0,1,
2515,90.0,1,
500,0.0,6,
502,0.0,3,-45.0,2,45.0,1,
503,45.0,1,
509,27.0,1,45.0,1,
510,0.0,2,27.0,2,45.0,1,
511,27.0,1,45.0,1,
512,56.0,1,45.0,3,
513,56.0,1,90.0,2,45.0,2,
514,45.0,1,
515,90.0,1,
517,0.0,1,45.0,1,
518,0.0,1,45.0,2,
519,0.0,1,27.0,1,45.0,1,
520,0.0,4,
522,0.0,2,
600,0.0,5,14.0,1,
602,0.0,5,14.0,1,
603,27.0,1,
610,27.0,2,53.0,1,45.0,1,
611,27.0,1,45.0,3,
612,56.0,1,
613,0.0,3,72.0,1,
614,0.0,1,45.0,1,63.0,1,
615,0.0,2,
617,45.0,1,-27.0,1,
618,0.0,1,-45.0,1,-27.0,1,
619,0.0,1,-18.0,1,-34.0,1,
620,0.0,3,
622,0.0,1,-45.0,1,
700,0.0,3,27.0,3,
702,0.0,3,27.0,1,45.0,1,
703,45.0,4,
704,63.0,1,
711,72.0,1,45.0,2,63.0,2,
712,72.0,1,76.0,1,45.0,1,63.0,2,
713,-63.0,2,90.0,1,-27.0,1,
714,0.0,1,90.0,1,
715,0.0,1,90.0,1,
716,-45.0,1,
717,0.0,2,-45.0,1,45.0,1,
718,-63.0,1,45.0,2,
719,0.0,2,-27.0,1,
720,0.0,2,-45.0,1,
722,0.0,1,-45.0,1,
800,34.0,2,27.0,3,
801,37.0,1,
803,27.0,1,45.0,4,
804,72.0,1,45.0,2,
805,72.0,1,
806,72.0,1,
807,90.0,1,
808,90.0,1,
812,45.0,1,
813,90.0,1,45.0,1,63.0,1,
814,90.0,1,45.0,1,63.0,1,
815,0.0,1,90.0,2,
816,-72.0,1,45.0,4,
817,-56.0,1,45.0,3,
818,45.0,2,
819,0.0,1,-45.0,1,45.0,1,
820,-45.0,2,45.0,1,
821,-45.0,1,
822,0.0,1,
900,45.0,4,
901,45.0,4,
902,56.0,1,
903,45.0,1,63.0,1,
904,45.0,1,63.0,4,
905,72.0,1,76.0,1,63.0,2,
906,90.0,3,45.0,1,
907,90.0,1,
908,0.0,1,
912,90.0,1,
913,90.0,1,45.0,1,
914,0.0,1,90.0,2,-76.0,1,45.0,1,
915,-72.0,1,-63.0,1,90.0,1,
916,90.0,2,45.0,1,
917,45.0,1,
918,-45.0,1,45.0,1,
919,-63.0,1,-45.0,3,
920,90.0,1,
921,-45.0,1,
1001,45.0,4,
1002,56.0,1,-63.0,1,63.0,3,
1003,-63.0,1,45.0,1,
1005,63.0,1,
1006,90.0,1,45.0,2,63.0,1,
1007,0.0,1,90.0,4,
1008,0.0,3,
1012,0.0,4,
1013,90.0,3,
1014,0.0,1,90.0,1,45.0,1,
1015,90.0,1,
1016,90.0,1,45.0,1,
1017,-63.0,1,90.0,2,
1018,90.0,3,
1019,56.0,1,45.0,2,
1020,45.0,2,
1021,45.0,1,
1101,45.0,2,
1102,-63.0,1,90.0,1,45.0,4,
1103,0.0,1,45.0,3,63.0,1,
1105,-63.0,1,
1106,-72.0,1,
1107,0.0,2,90.0,1,
1108,-72.0,1,0.0,2,90.0,1,
1112,0.0,4,
1113,0.0,1,
1114,72.0,1,90.0,1,
1115,90.0,1,
1116,72.0,1,45.0,1,
1117,-63.0,1,53.0,1,45.0,2,63.0,1,
1118,90.0,1,45.0,3,
1119,90.0,1,
1120,45.0,2,
1121,45.0,1,
1200,-45.0,1,45.0,1,
1201,45.0,5,
1202,-63.0,1,45.0,2,
1203,-63.0,1,45.0,1,
1204,90.0,1,45.0,1,
1205,-63.0,1,90.0,1,45.0,1,
1206,90.0,3,-76.0,1,
1207,90.0,4,
1208,0.0,3,
1212,0.0,3,90.0,1,
1213,0.0,1,90.0,3,76.0,1,
1214,90.0,3,63.0,1,
1215,45.0,1,
1217,45.0,1,
1218,56.0,1,45.0,5,
1219,27.0,1,45.0,5,
1221,45.0,1,
1222,27.0,1,
1300,0.0,1,-45.0,1,-27.0,1,45.0,2,
1301,0.0,1,45.0,3,
1302,-63.0,1,
1303,-45.0,1,45.0,1,
1304,45.0,4,
1305,-72.0,1,-63.0,1,45.0,1,
1306,45.0,1,
1307,90.0,1,
1308,-45.0,1,
1313,0.0,1,
1314,90.0,1,
1315,72.0,1,90.0,1,63.0,3,
1316,45.0,3,63.0,1,
1319,34.0,2,27.0,1,45.0,3,
1320,0.0,1,45.0,2,
1322,14.0,1,
1400,0.0,2,-45.0,2,-27.0,1,
1401,0.0,1,
1402,0.0,2,
1403,0.0,1,45.0,3,
1404,45.0,3,
1405,45.0,1,
1406,90.0,1,
1415,45.0,1,
1416,45.0,4,63.0,1,
1417,27.0,1,45.0,3,63.0,1,
1419,27.0,1,45.0,2,
1420,0.0,2,27.0,1,45.0,1,
1421,45.0,1,
1422,0.0,1,
1500,0.0,4,-45.0,2,
1502,0.0,4,-45.0,1,
1503,27.0,1,45.0,3,
1504,45.0,1,
1517,0.0,1,27.0,1,45.0,2,
1518,0.0,2,45.0,1,
1519,0.0,1,-45.0,1,
1520,0.0,2,27.0,1,45.0,1,
1521,0.0,1,
1522,0.0,1,45.0,1,
1600,0.0,5,34.0,1,
1602,0.0,3,14.0,1,
1603,0.0,1,45.0,1,
1604,56.0,1,
1617,-27.0,1,
1618,0.0,2,90.0,1,45.0,1,
1619,0.0,1,27.0,1,45.0,1,
1620,0.0,3,
1622,27.0,1,-27.0,1,
1700,0.0,5,18.0,1,
1701,45.0,1,
1702,0.0,1,27.0,2,45.0,2,
1703,45.0,1,
1705,72.0,1,
1706,72.0,1,
1707,72.0,1,
1708,90.0,1,
1714,90.0,1,
1715,-72.0,1,
1716,-72.0,1,90.0,1,
1717,0.0,2,-72.0,1,
1718,0.0,1,-45.0,1,45.0,1,
1719,45.0,1,-27.0,1,
1720,0.0,3,
1721,-45.0,1,
1722,0.0,1,45.0,1,
1800,0.0,1,34.0,1,27.0,2,45.0,1,
1801,90.0,1,
1802,0.0,1,45.0,1,
1803,90.0,1,45.0,4,
1804,63.0,1,
1805,90.0,1,
1808,90.0,1,
1809,90.0,1,
1810,90.0,1,
1811,90.0,1,
1812,90.0,1,
1813,90.0,1,
1814,90.0,1,45.0,1,
1815,-63.0,1,
1816,90.0,1,45.0,1,
1817,45.0,3,
1819,0.0,1,-45.0,1,45.0,1,
1820,0.0,2,45.0,1,-27.0,1,
1821,45.0,1,
1822,0.0,1,
1900,0.0,1,45.0,3,
1901,45.0,4,
1902,45.0,1,
1903,45.0,1,63.0,1,
1904,72.0,2,63.0,2,
1905,72.0,1,90.0,3,63.0,1,
1906,76.0,1,45.0,2,
1907,90.0,1,
1908,76.0,1,
1909,90.0,1,
1910,90.0,1,
1911,-76.0,1,
1912,90.0,1,
1913,-76.0,1,
1914,90.0,1,45.0,2,
1915,-72.0,1,90.0,2,
1916,-72.0,1,90.0,1,45.0,1,
1917,90.0,1,
1918,-72.0,1,45.0,1,
1919,-63.0,1,-45.0,2,45.0,2,
1920,0.0,1,45.0,1,
1922,-45.0,1,
2000,0.0,1,
2001,45.0,3,
2002,45.0,2,53.0,1,
2003,90.0,1,45.0,1,
2004,63.0,1,
2005,90.0,1,
2006,72.0,1,90.0,3,
2007,90.0,3,63.0,1,
2008,72.0,2,90.0,1,63.0,1,
2009,90.0,4,
2010,90.0,4,
2011,90.0,4,
2012,-72.0,1,90.0,3,
2013,90.0,4,
2014,90.0,3,
2015,90.0,1,
2016,90.0,2,
2017,-56.0,1,90.0,1,45.0,1,
2018,45.0,3,
2019,45.0,3,
2021,45.0,1,
2022,0.0,1,
