513,-45.0,1,
514,-40.0,1,-27.0,1,-34.0,2,45.0,1,
515,0.0,1,-45.0,2,-34.0,1,
4,0.0,2,90.0,4,
5,90.0,6,
6,0.0,1,-56.0,1,90.0,2,45.0,1,31.0,1,
7,-72.0,1,-63.0,2,90.0,1,-60.0,1,45.0,1,
8,-72.0,1,-63.0,3,-68.0,1,-74.0,1,
9,-68.0,1,90.0,1,-76.0,2,-82.0,1,-81.0,1,
10,-79.0,1,90.0,3,-76.0,1,-81.0,1,
11,81.0,1,90.0,3,76.0,1,82.0,1,
12,81.0,1,67.0,1,79.0,1,76.0,2,63.0,1,
13,72.0,1,60.0,1,79.0,1,76.0,1,63.0,2,
14,56.0,2,90.0,1,59.0,1,45.0,1,63.0,1,
15,51.0,1,45.0,2,
904,90.0,1,
716,0.0,1,24.0,1,
1415,0.0,1,56.0,1,51.0,1,45.0,1,38.0,1,
1113,45.0,1,
516,0.0,1,-31.0,1,-22.0,1,-18.0,2,
517,0.0,1,-22.0,1,-34.0,1,
518,0.0,1,
604,0.0,3,-8.0,1,-11.0,1,-9.0,1,
1006,18.0,2,45.0,1,39.0,1,
605,0.0,1,
1212,-79.0,2,45.0,1,-63.0,1,
1118,0.0,1,-27.0,1,
1204,18.0,2,
2106,45.0,2,
2107,53.0,1,63.0,1,
2108,76.0,2,
2109,76.0,1,
2110,90.0,1,
2111,-76.0,1,
2112,90.0,1,-76.0,1,
2113,-72.0,2,
2114,90.0,2,
1604,90.0,2,45.0,1,
1605,-79.0,1,90.0,1,-82.0,1,
1606,90.0,2,
1613,45.0,2,
1614,37.0,1,45.0,2,
1615,0.0,2,45.0,1,22.0,1,
1104,0.0,2,90.0,2,18.0,1,22.0,1,
1105,90.0,2,27.0,1,18.0,1,14.0,1,45.0,1,
1106,9.0,1,18.0,2,34.0,2,45.0,1,
1107,34.0,1,45.0,3,
600,45.0,3,
601,90.0,1,45.0,2,
1114,-14.0,1,-45.0,1,-11.0,1,-37.0,1,
1115,-39.0,1,-37.0,1,-27.0,1,-45.0,1,
1116,0.0,2,-14.0,1,-11.0,1,-34.0,1,-27.0,1,
1117,-45.0,1,-27.0,2,
606,0.0,1,72.0,1,90.0,2,45.0,2,
607,45.0,3,53.0,2,63.0,1,
608,56.0,1,67.0,1,90.0,2,59.0,1,53.0,1,
609,72.0,1,68.0,1,82.0,1,76.0,1,
610,90.0,2,76.0,1,79.0,1,
611,90.0,3,-74.0,1,
612,-72.0,1,-79.0,1,90.0,2,-76.0,1,-63.0,1,
613,-56.0,1,-63.0,2,-68.0,1,45.0,2,
614,-56.0,1,-63.0,1,90.0,1,45.0,2,
615,-37.0,1,-45.0,3,
104,0.0,6,
105,0.0,2,
106,90.0,3,45.0,2,63.0,1,
107,-63.0,1,90.0,1,45.0,4,
108,-56.0,1,-63.0,2,-76.0,1,-59.0,1,-67.0,1,
109,-72.0,1,-76.0,4,-82.0,1,
110,-79.0,1,90.0,3,-76.0,1,-81.0,1,
111,81.0,1,90.0,2,76.0,2,74.0,1,
112,67.0,1,79.0,1,76.0,1,63.0,3,
616,0.0,1,-45.0,2,45.0,1,
114,53.0,1,45.0,3,63.0,1,
115,40.0,1,90.0,1,45.0,3,
116,51.0,1,37.0,1,39.0,1,
1214,0.0,1,-56.0,1,-45.0,1,45.0,2,-63.0,1,
617,0.0,1,-45.0,1,
1215,-40.0,1,-45.0,1,45.0,3,
704,-63.0,1,-45.0,1,-27.0,1,-34.0,1,45.0,2,
705,0.0,1,-31.0,1,-27.0,1,45.0,1,-45.0,1,-39.0,1,
1218,-82.0,1,
918,18.0,1,45.0,1,
1219,90.0,2,
1817,45.0,1,-34.0,1,-27.0,1,
1220,90.0,3,
1818,0.0,1,
1221,-79.0,1,90.0,1,
2209,90.0,1,
2210,90.0,1,
2211,90.0,1,
2212,45.0,1,
1222,90.0,1,
113,56.0,1,68.0,1,45.0,2,63.0,1,
1704,8.0,1,0.0,2,11.0,1,
1705,0.0,2,90.0,2,
1706,16.0,1,24.0,1,18.0,1,45.0,1,
711,90.0,3,-76.0,1,-82.0,1,
1714,0.0,2,-24.0,1,
1715,0.0,1,-24.0,1,18.0,1,45.0,1,
1716,-23.0,1,-14.0,2,27.0,1,45.0,1,
1205,0.0,2,34.0,1,27.0,1,36.0,1,38.0,1,
1206,39.0,1,27.0,1,37.0,2,63.0,1,45.0,1,
1207,56.0,1,59.0,1,45.0,4,
1208,67.0,1,51.0,1,53.0,1,63.0,1,
1209,68.0,1,81.0,1,74.0,1,76.0,1,
1210,81.0,1,90.0,1,79.0,1,
1211,90.0,1,-82.0,1,-81.0,1,
700,90.0,1,36.0,1,45.0,2,31.0,2,
701,56.0,1,53.0,5,
702,68.0,1,74.0,1,45.0,1,81.0,1,90.0,1,63.0,1,
703,-72.0,1,-79.0,1,90.0,2,45.0,1,-81.0,1,
1216,0.0,1,-45.0,1,-27.0,1,-37.0,1,45.0,1,
1312,-72.0,1,90.0,1,-76.0,1,
706,81.0,1,-22.0,2,53.0,2,45.0,1,
707,56.0,1,53.0,1,45.0,2,54.0,1,63.0,1,
708,72.0,1,90.0,1,68.0,1,74.0,1,63.0,2,
709,81.0,1,90.0,2,76.0,1,82.0,1,79.0,1,
710,90.0,5,
1313,90.0,1,45.0,2,
712,72.0,1,-63.0,1,90.0,1,45.0,1,-81.0,1,
713,0.0,1,90.0,1,45.0,2,79.0,1,
714,90.0,1,45.0,3,38.0,1,
715,-56.0,1,56.0,1,27.0,1,45.0,3,
204,0.0,6,
1314,59.0,1,45.0,3,-53.0,1,
206,0.0,2,-37.0,1,-36.0,1,45.0,2,
207,-45.0,2,45.0,4,
208,45.0,2,
1315,0.0,1,90.0,2,-45.0,1,45.0,1,-59.0,1,
213,53.0,1,45.0,2,
214,41.0,1,45.0,4,31.0,1,
215,0.0,1,40.0,1,27.0,1,45.0,2,37.0,1,
216,27.0,2,21.0,1,45.0,1,31.0,1,
804,-72.0,2,-63.0,2,90.0,1,-79.0,1,
218,18.0,1,
1317,32.0,1,9.0,1,90.0,3,
1319,90.0,4,
217,18.0,1,27.0,1,23.0,1,
1320,0.0,1,90.0,3,45.0,1,
1321,0.0,1,90.0,1,
1322,0.0,1,90.0,1,
1718,0.0,1,-14.0,1,
1804,0.0,1,90.0,2,34.0,1,
1805,32.0,1,90.0,2,34.0,1,30.0,1,23.0,1,
1806,0.0,1,18.0,1,11.0,1,45.0,2,
1807,45.0,1,54.0,1,39.0,2,
1808,59.0,1,63.0,2,
1812,-72.0,1,
1813,90.0,1,-59.0,1,
1814,90.0,1,-45.0,1,-27.0,1,45.0,1,
1815,0.0,1,-27.0,1,-53.0,1,45.0,1,-45.0,1,-39.0,1,
1816,-32.0,1,0.0,1,45.0,1,-14.0,1,-45.0,1,-11.0,1,
1305,37.0,2,
1306,56.0,1,45.0,4,53.0,1,
1307,67.0,1,59.0,1,45.0,1,63.0,3,
1308,72.0,2,68.0,1,74.0,1,76.0,1,63.0,1,
1309,90.0,1,76.0,1,82.0,1,79.0,2,
1310,90.0,4,76.0,1,
1311,90.0,4,
800,45.0,5,63.0,1,
801,72.0,1,67.0,1,59.0,1,76.0,1,63.0,2,
802,72.0,1,76.0,1,79.0,1,81.0,1,82.0,1,90.0,1,
803,-72.0,1,90.0,4,-81.0,1,
1316,0.0,1,90.0,1,45.0,2,-82.0,1,
805,-56.0,1,-63.0,1,-45.0,1,45.0,2,
1318,90.0,3,-76.0,2,
807,90.0,1,63.0,1,
808,76.0,1,63.0,1,
809,90.0,2,76.0,1,
810,90.0,3,76.0,1,
811,90.0,1,-76.0,2,45.0,1,
812,-76.0,1,76.0,1,45.0,1,63.0,1,
813,76.0,1,45.0,3,53.0,1,
814,40.0,1,56.0,1,27.0,1,45.0,2,53.0,1,
815,0.0,1,41.0,1,45.0,3,39.0,1,
304,0.0,6,
305,0.0,2,
306,-45.0,2,-27.0,4,
1018,0.0,1,-7.0,1,
1717,-14.0,1,45.0,1,
314,34.0,1,27.0,1,14.0,1,
315,16.0,1,0.0,1,
316,18.0,1,27.0,1,14.0,3,
317,0.0,1,14.0,1,
318,0.0,1,18.0,1,
817,32.0,1,34.0,1,
1707,45.0,1,
916,0.0,1,18.0,2,27.0,1,45.0,1,21.0,1,
1510,90.0,1,
1904,18.0,1,27.0,1,
1905,0.0,1,45.0,4,
1906,50.0,1,39.0,1,45.0,2,54.0,1,37.0,1,
1907,53.0,1,45.0,2,63.0,2,
1908,72.0,1,76.0,1,63.0,1,
1909,72.0,1,68.0,1,74.0,1,76.0,1,
1910,81.0,1,90.0,2,79.0,1,
1911,90.0,1,79.0,1,-74.0,1,-81.0,1,
1912,-72.0,1,-79.0,1,90.0,2,
1913,-63.0,1,90.0,1,-76.0,1,45.0,2,-79.0,1,
1914,-56.0,1,-39.0,1,90.0,2,45.0,1,-63.0,1,
1915,90.0,2,-45.0,1,45.0,1,
1916,90.0,1,-45.0,2,45.0,1,-27.0,1,
1917,0.0,1,45.0,1,
1406,45.0,1,63.0,1,
1407,53.0,1,63.0,1,
1408,76.0,2,45.0,1,
1409,90.0,1,76.0,1,45.0,1,
1410,90.0,3,76.0,1,
1411,72.0,1,90.0,4,
1412,60.0,1,90.0,1,76.0,1,63.0,1,
1413,56.0,1,50.0,1,68.0,1,45.0,1,63.0,2,
902,90.0,1,76.0,1,
903,90.0,2,
1416,34.0,1,45.0,1,90.0,1,37.0,1,53.0,1,
1417,90.0,2,37.0,1,63.0,1,
1418,90.0,2,76.0,1,82.0,1,
1419,90.0,4,
1420,0.0,2,90.0,2,76.0,1,79.0,1,
1421,-63.0,1,90.0,1,79.0,1,
1422,-76.0,1,-27.0,1,
1005,90.0,2,-82.0,1,-81.0,1,
913,45.0,2,
914,0.0,1,34.0,1,20.0,1,45.0,1,
915,27.0,2,21.0,1,45.0,2,
404,0.0,6,
405,0.0,2,
406,0.0,1,18.0,1,11.0,2,45.0,1,13.0,1,
1213,-72.0,1,90.0,1,-68.0,1,45.0,2,-59.0,1,
917,16.0,1,34.0,1,45.0,1,
414,0.0,2,-17.0,1,
415,-14.0,1,45.0,1,
416,0.0,2,-14.0,1,-27.0,1,-9.0,1,
417,45.0,1,-9.0,1,
418,0.0,1,-9.0,1,
117,45.0,2,
1617,0.0,1,27.0,1,
901,90.0,1,
816,27.0,1,37.0,1,45.0,2,
1004,0.0,2,90.0,2,
504,0.0,6,
1618,0.0,1,45.0,1,
2005,37.0,2,
2006,90.0,1,63.0,1,
2007,72.0,1,76.0,1,45.0,3,63.0,1,
2008,72.0,1,74.0,1,59.0,1,63.0,3,
2009,81.0,1,82.0,1,76.0,3,79.0,1,
2010,81.0,1,90.0,5,
2011,90.0,3,-76.0,2,-82.0,1,
2012,-72.0,1,-63.0,1,90.0,2,-74.0,1,-81.0,1,
2013,-72.0,1,-76.0,1,90.0,2,-68.0,1,45.0,1,
2014,-63.0,2,-68.0,1,45.0,2,
2015,-39.0,1,90.0,1,-45.0,1,-63.0,1,
1616,27.0,3,45.0,1,22.0,1,
1509,90.0,1,
1414,90.0,1,51.0,1,22.0,1,63.0,3,
1511,90.0,1,76.0,1,
1512,53.0,1,63.0,1,
1513,56.0,1,45.0,2,
1514,34.0,1,63.0,1,45.0,2,37.0,1,
1515,39.0,1,45.0,4,31.0,1,
1516,34.0,2,45.0,1,21.0,1,
1517,18.0,1,27.0,1,90.0,1,30.0,1,
1518,90.0,1,76.0,1,18.0,1,
1519,76.0,2,
1520,-63.0,1,90.0,1,
1217,90.0,1,-45.0,1,-37.0,1,
1014,18.0,1,27.0,1,-13.0,1,
1015,-9.0,1,
1016,-8.0,1,-7.0,1,27.0,3,
1017,-6.0,1,
506,0.0,2,32.0,1,27.0,2,31.0,1,
507,36.0,1,37.0,2,45.0,1,
