4,0.0,2,
5,90.0,6,
6,90.0,6,
7,90.0,4,
9,0.0,1,90.0,3,
10,90.0,6,
11,90.0,4,
12,90.0,1,
2100,90.0,1,
2101,90.0,2,53.0,1,
2102,45.0,2,
2103,76.0,1,
2104,0.0,2,90.0,1,
2105,-72.0,1,
2106,0.0,2,45.0,2,
2107,0.0,1,
2109,0.0,3,27.0,1,
2110,90.0,1,45.0,1,
2111,0.0,1,-72.0,1,45.0,2,
2113,72.0,1,
2114,76.0,1,
2115,90.0,1,
2116,-76.0,1,
2117,-76.0,1,45.0,1,
2118,90.0,1,45.0,1,
104,0.0,2,
105,0.0,4,
106,0.0,2,
107,0.0,4,
109,0.0,4,
110,0.0,4,
111,0.0,3,
112,0.0,1,
2200,27.0,1,45.0,2,
2201,90.0,1,45.0,1,
2202,76.0,1,45.0,2,
2203,90.0,1,
2204,0.0,1,90.0,1,45.0,1,
2205,45.0,1,
2206,0.0,2,45.0,1,
2209,0.0,3,
2210,0.0,2,
2211,0.0,1,63.0,2,
2216,45.0,1,
2217,-63.0,1,90.0,1,
204,0.0,2,
205,0.0,4,
206,0.0,2,
207,0.0,4,
209,0.0,4,
210,0.0,4,
211,0.0,3,
212,0.0,1,
213,-79.0,1,90.0,3,45.0,1,
214,-72.0,1,90.0,5,
215,90.0,5,-76.0,1,
216,90.0,3,76.0,1,
217,90.0,3,79.0,1,
218,90.0,1,76.0,1,
219,63.0,1,
220,45.0,1,
2300,-63.0,1,45.0,2,
2301,63.0,1,
2302,45.0,1,63.0,1,
2303,45.0,1,
2304,90.0,1,45.0,1,
2305,45.0,1,
2306,0.0,1,90.0,1,45.0,1,
2309,0.0,3,
2310,0.0,2,
2311,0.0,1,
2312,72.0,2,
2313,90.0,1,
2315,90.0,1,
2316,-63.0,1,90.0,1,
2317,45.0,1,
304,0.0,2,
305,0.0,4,
306,0.0,2,
307,0.0,4,
309,0.0,4,
310,0.0,4,
311,0.0,3,
312,-72.0,1,-63.0,1,90.0,1,45.0,2,0.0,1,
313,-72.0,1,90.0,1,-53.0,1,45.0,2,
315,90.0,1,45.0,1,
316,72.0,2,
317,90.0,1,45.0,1,
318,72.0,1,90.0,1,59.0,1,
319,45.0,1,63.0,1,
320,56.0,1,
321,90.0,1,
2400,45.0,2,
2401,45.0,1,
2402,76.0,1,45.0,1,
2403,90.0,2,
2404,90.0,1,
2405,-63.0,1,
2406,45.0,2,
2409,0.0,2,45.0,1,
2410,0.0,2,90.0,1,
2411,90.0,1,
2413,90.0,1,45.0,1,
2414,90.0,2,
2415,90.0,1,
404,0.0,2,
405,0.0,4,
406,0.0,2,
407,0.0,4,
409,0.0,4,
410,0.0,4,
411,-63.0,1,90.0,1,27.0,1,45.0,1,
412,-63.0,1,45.0,2,
417,63.0,2,
418,45.0,1,
419,45.0,2,63.0,1,
420,45.0,1,
421,45.0,1,
422,45.0,1,
2500,45.0,2,
2503,90.0,1,
2504,90.0,1,
2505,45.0,1,
2506,0.0,1,45.0,1,
2509,0.0,2,
2510,0.0,2,
504,0.0,2,
505,0.0,4,
506,0.0,2,
507,0.0,4,
509,0.0,4,
510,0.0,2,45.0,2,
511,45.0,2,
513,45.0,1,
514,-72.0,1,90.0,1,45.0,1,
515,-72.0,1,90.0,2,
516,90.0,3,
517,90.0,1,76.0,1,45.0,1,
518,72.0,1,45.0,2,
519,45.0,2,
520,45.0,3,
521,45.0,1,
522,45.0,1,
2601,45.0,1,63.0,1,
2605,90.0,2,
2609,72.0,1,0.0,1,
2610,0.0,1,90.0,1,
604,0.0,2,
605,0.0,4,
606,0.0,2,
607,0.0,4,
609,0.0,4,
610,0.0,2,
613,-63.0,1,45.0,2,
614,-56.0,1,90.0,1,-76.0,1,
615,90.0,1,
616,72.0,2,
617,56.0,1,90.0,1,
618,0.0,1,45.0,3,
619,45.0,1,
620,45.0,2,
621,45.0,1,
622,45.0,1,
623,45.0,1,
2701,90.0,1,45.0,1,
2702,72.0,1,90.0,1,
2703,90.0,1,
2704,-72.0,1,90.0,1,
2705,45.0,1,
2709,90.0,1,
2710,90.0,1,
704,0.0,2,
705,0.0,4,
706,0.0,2,
707,0.0,4,
709,0.0,4,
710,0.0,2,
712,90.0,1,45.0,3,
713,-72.0,1,-63.0,1,90.0,1,45.0,1,
714,90.0,2,
715,72.0,2,
716,45.0,1,
717,56.0,1,45.0,1,
718,45.0,3,
719,45.0,4,
720,0.0,1,45.0,2,
721,0.0,2,
723,27.0,1,
2803,90.0,1,
804,0.0,2,
805,0.0,4,
806,0.0,2,
807,0.0,3,45.0,1,
808,90.0,2,
809,0.0,4,90.0,2,
810,90.0,1,45.0,1,
811,45.0,2,
812,0.0,3,-63.0,1,90.0,1,45.0,1,
813,45.0,1,
816,63.0,2,
817,45.0,1,
818,34.0,1,45.0,1,
819,45.0,3,
820,45.0,1,
821,0.0,1,45.0,2,
823,27.0,1,
904,0.0,2,
905,0.0,4,
906,0.0,2,
907,0.0,1,76.0,1,
908,90.0,1,
909,0.0,3,90.0,1,
911,0.0,2,45.0,2,
912,0.0,2,
916,45.0,2,
917,45.0,2,
918,45.0,2,
919,27.0,1,45.0,2,
920,45.0,1,
921,0.0,2,45.0,1,
923,0.0,1,
1004,0.0,2,
1005,0.0,4,
1006,0.0,2,
1007,72.0,1,
1008,90.0,1,
1009,0.0,2,90.0,1,
1011,0.0,4,-45.0,1,
1012,0.0,1,
1017,45.0,2,
1018,0.0,1,45.0,1,
1019,0.0,4,45.0,1,
1020,-27.0,1,
1021,0.0,2,45.0,1,
1023,0.0,1,
1104,0.0,2,
1105,0.0,4,
1106,45.0,2,
1107,0.0,1,90.0,2,45.0,1,
1108,90.0,4,
1109,72.0,1,90.0,1,45.0,2,
1110,0.0,1,56.0,1,45.0,1,
1111,0.0,2,18.0,1,
1112,0.0,2,
1113,45.0,1,
1117,45.0,2,
1118,0.0,1,
1119,0.0,3,-45.0,1,
1120,0.0,1,-27.0,1,
1121,0.0,2,-45.0,1,
1123,-45.0,1,
1204,0.0,2,
1205,0.0,4,
1207,0.0,2,-76.0,1,
1208,90.0,1,
1209,76.0,1,
1210,0.0,3,45.0,1,
1211,0.0,1,27.0,1,
1212,45.0,1,
1213,45.0,1,
1217,0.0,2,
1218,-45.0,1,45.0,1,
1219,0.0,2,45.0,2,
1220,0.0,1,-45.0,1,
1221,0.0,2,-45.0,1,
1223,-45.0,1,
1304,0.0,2,
1305,0.0,4,
1307,0.0,3,90.0,1,
1308,90.0,1,
1309,0.0,1,90.0,1,
1310,0.0,4,
1311,27.0,1,
1312,34.0,1,
1313,45.0,2,
1314,56.0,1,
1317,0.0,2,90.0,1,
1318,-45.0,1,45.0,3,
1319,0.0,2,45.0,1,
1320,0.0,1,
1321,0.0,1,-45.0,2,
1322,-45.0,1,
1323,45.0,1,
1404,0.0,2,
1405,0.0,4,
1407,0.0,4,
1409,0.0,1,45.0,1,
1410,0.0,4,
1411,0.0,1,
1412,45.0,2,
1413,90.0,1,45.0,1,
1414,72.0,1,45.0,1,
1415,90.0,1,63.0,1,
1416,90.0,2,
1417,0.0,2,90.0,2,-76.0,1,
1418,0.0,1,-72.0,1,45.0,1,
1419,0.0,1,
1420,0.0,1,-45.0,2,
1421,0.0,1,45.0,1,
1422,-45.0,1,
1501,90.0,1,45.0,1,
1502,45.0,1,
1504,0.0,2,
1505,0.0,4,
1506,45.0,2,
1507,0.0,4,90.0,2,
1508,90.0,2,
1509,0.0,2,45.0,2,
1510,0.0,3,
1511,0.0,1,
1512,45.0,3,
1513,72.0,1,
1514,79.0,1,
1515,90.0,1,
1516,-68.0,1,
1517,45.0,3,
1518,45.0,1,
1519,0.0,1,45.0,1,
1520,0.0,2,45.0,1,
1521,0.0,1,45.0,1,
1600,90.0,1,45.0,1,
1601,-63.0,1,45.0,1,
1602,45.0,2,
1604,0.0,2,
1605,0.0,3,-27.0,1,
1606,0.0,2,
1607,0.0,3,-27.0,1,
1609,0.0,4,
1610,0.0,2,
1611,0.0,1,45.0,2,
1612,0.0,1,45.0,1,63.0,1,
1613,45.0,2,53.0,1,
1617,90.0,1,45.0,2,
1618,90.0,1,
1619,0.0,2,90.0,1,45.0,1,
1620,-72.0,1,45.0,2,
1621,45.0,2,
1700,-63.0,1,45.0,1,
1701,-59.0,1,
1702,45.0,3,
1703,72.0,1,63.0,1,
1704,0.0,2,-63.0,1,-72.0,1,
1705,0.0,2,45.0,1,
1706,0.0,2,
1707,0.0,3,-27.0,1,
1709,0.0,4,
1710,0.0,2,
1711,0.0,1,90.0,1,45.0,2,
1712,0.0,1,45.0,1,
1713,90.0,1,63.0,1,
1714,72.0,1,76.0,1,63.0,1,
1715,90.0,2,76.0,1,
1716,-72.0,1,90.0,2,45.0,1,
1717,90.0,2,45.0,2,
1718,90.0,1,-76.0,1,45.0,1,
1719,90.0,1,-76.0,1,45.0,2,
1720,0.0,1,
1800,-56.0,1,27.0,1,45.0,1,
1802,53.0,1,
1804,0.0,2,-45.0,1,
1805,0.0,1,
1806,0.0,2,-45.0,1,
1807,0.0,3,
1809,0.0,4,
1810,0.0,2,
1811,0.0,2,
1812,56.0,1,0.0,1,45.0,2,
1813,63.0,1,
1815,45.0,1,
1816,-63.0,1,45.0,1,
1817,90.0,1,
1818,-63.0,1,
1819,45.0,3,
1820,45.0,1,
1900,34.0,1,45.0,1,
1901,56.0,1,-63.0,1,53.0,1,
1902,45.0,2,
1903,79.0,1,
1904,0.0,2,-63.0,1,
1905,0.0,1,90.0,1,
1906,0.0,2,-63.0,1,-45.0,1,45.0,1,
1907,0.0,1,45.0,1,
1909,0.0,4,
1910,56.0,1,18.0,1,
1911,-72.0,1,0.0,1,90.0,1,45.0,1,
1912,-56.0,1,90.0,2,45.0,1,
1913,72.0,2,90.0,1,
1914,90.0,3,
1915,-63.0,1,90.0,2,
1916,90.0,1,45.0,1,
1917,90.0,1,
1918,45.0,1,
1919,90.0,1,45.0,2,
2000,45.0,2,
2001,45.0,1,
2002,76.0,1,45.0,1,63.0,1,
2003,90.0,2,
2004,0.0,2,90.0,2,45.0,1,
2005,90.0,1,-76.0,1,45.0,1,
2006,0.0,2,-45.0,1,
2007,0.0,1,
2009,0.0,4,
2011,0.0,2,
2012,56.0,1,
2013,45.0,1,
2014,45.0,1,
2018,-72.0,1,0.0,1,45.0,1,
