14,-56.0,1,45.0,1,-59.0,1,
15,-63.0,2,-76.0,1,-79.0,1,
16,-72.0,1,90.0,3,
17,72.0,1,76.0,1,90.0,1,68.0,1,45.0,2,
18,56.0,3,90.0,3,
19,90.0,2,63.0,1,
20,90.0,2,45.0,1,
21,90.0,1,63.0,1,
22,45.0,1,63.0,1,
23,45.0,1,
2104,45.0,1,
2105,72.0,2,63.0,1,
2106,90.0,1,68.0,1,63.0,1,
2107,90.0,2,
2110,90.0,1,
2111,90.0,1,
2112,90.0,1,
2113,90.0,2,
2114,90.0,2,45.0,2,
2115,-72.0,1,-63.0,1,90.0,1,
2116,-63.0,2,90.0,2,
2117,45.0,1,
113,0.0,1,-45.0,2,
114,-45.0,1,45.0,2,
115,45.0,1,
116,0.0,2,
117,45.0,2,
118,27.0,1,45.0,1,
119,34.0,2,27.0,1,
120,27.0,1,
121,27.0,1,
123,45.0,2,
124,45.0,1,
2206,90.0,1,
2207,72.0,1,90.0,2,
2208,90.0,2,79.0,1,
2209,90.0,2,79.0,1,
2210,90.0,3,
2211,90.0,3,
2212,-79.0,1,90.0,2,
2213,-72.0,1,-79.0,1,90.0,1,
2214,-72.0,1,90.0,2,
2215,-72.0,1,
204,0.0,1,90.0,1,45.0,1,
205,-56.0,1,-63.0,1,-72.0,1,-68.0,1,45.0,2,
206,90.0,5,-76.0,1,
207,90.0,4,76.0,1,79.0,1,
208,72.0,1,90.0,1,63.0,4,
209,90.0,2,53.0,1,
210,63.0,2,
212,0.0,1,
213,0.0,2,-45.0,1,
214,-45.0,1,
215,-56.0,1,45.0,2,
216,90.0,2,-45.0,2,68.0,1,45.0,1,
217,-63.0,1,45.0,3,
218,53.0,1,
219,0.0,1,-63.0,1,27.0,1,45.0,1,22.0,1,
220,0.0,1,90.0,1,63.0,1,
221,34.0,1,45.0,2,
224,27.0,1,45.0,1,
303,0.0,1,
304,0.0,2,-45.0,3,45.0,1,
305,0.0,1,45.0,1,
307,90.0,1,
308,45.0,1,
309,34.0,1,45.0,1,37.0,1,
310,34.0,1,
311,34.0,1,45.0,1,
312,0.0,1,-18.0,1,
313,0.0,2,
314,0.0,1,
315,0.0,2,-45.0,3,
316,-27.0,1,45.0,1,
317,34.0,1,27.0,2,
318,-45.0,1,-27.0,1,
319,0.0,1,18.0,1,45.0,1,14.0,1,
320,0.0,1,27.0,1,
321,27.0,1,45.0,2,
324,45.0,2,
403,-45.0,2,-27.0,2,
404,0.0,1,45.0,1,-27.0,1,
405,45.0,2,
406,0.0,1,-63.0,2,-79.0,1,
407,0.0,2,90.0,1,45.0,2,
408,63.0,2,
409,0.0,1,27.0,2,
410,0.0,1,
411,0.0,1,
412,0.0,4,
413,0.0,2,
414,0.0,1,-27.0,1,
415,0.0,4,
416,0.0,1,
417,0.0,2,45.0,1,
418,0.0,3,
419,0.0,2,
420,0.0,2,
421,0.0,3,
424,0.0,2,
503,0.0,4,
504,0.0,2,
505,0.0,1,-45.0,3,
506,0.0,2,11.0,1,14.0,1,-45.0,1,
507,22.0,1,
508,0.0,1,18.0,1,
509,0.0,1,-27.0,1,-18.0,1,
510,-34.0,1,
511,0.0,2,
512,0.0,1,18.0,1,45.0,2,
513,0.0,2,
514,0.0,2,
515,0.0,3,27.0,1,14.0,1,
516,45.0,1,22.0,1,
517,0.0,2,-45.0,1,
518,27.0,1,45.0,3,
519,0.0,1,-14.0,1,
520,0.0,2,
521,0.0,2,-45.0,1,
524,0.0,1,-27.0,1,
603,0.0,3,11.0,1,
604,0.0,2,
605,0.0,2,11.0,1,14.0,1,
606,0.0,1,34.0,1,27.0,1,45.0,3,
607,56.0,1,68.0,1,45.0,2,63.0,1,
608,-76.0,1,90.0,3,76.0,1,45.0,1,
609,90.0,1,-45.0,1,-76.0,1,45.0,2,63.0,1,
610,90.0,2,
611,45.0,2,
612,0.0,1,27.0,1,
613,0.0,1,18.0,1,45.0,1,
614,31.0,1,
615,34.0,1,27.0,1,31.0,1,
616,18.0,1,27.0,1,45.0,1,
617,27.0,1,-27.0,2,-45.0,1,
618,45.0,1,-34.0,1,
619,34.0,1,-27.0,1,-18.0,1,45.0,1,
620,0.0,1,
621,-27.0,3,
624,-27.0,2,
703,0.0,1,18.0,2,27.0,1,
704,34.0,1,27.0,2,
705,34.0,1,45.0,2,
706,45.0,4,
707,53.0,1,45.0,2,
708,45.0,2,
713,34.0,1,27.0,1,31.0,1,
714,45.0,1,
715,0.0,1,45.0,3,
716,0.0,1,90.0,1,-68.0,1,45.0,2,
717,0.0,2,-45.0,1,45.0,2,
718,45.0,1,
719,-45.0,1,45.0,2,-34.0,1,-27.0,1,
720,90.0,2,-45.0,1,
721,45.0,2,
723,-45.0,2,
724,45.0,2,
803,0.0,2,27.0,1,
804,0.0,1,27.0,1,45.0,3,
805,34.0,1,27.0,1,45.0,1,
806,56.0,1,63.0,2,
807,68.0,1,63.0,2,
808,90.0,1,76.0,1,45.0,1,
809,76.0,1,63.0,2,
810,90.0,1,76.0,1,63.0,1,
811,90.0,3,
812,90.0,2,
813,-76.0,1,45.0,3,
814,0.0,1,-76.0,1,45.0,3,
815,90.0,1,45.0,2,
816,90.0,3,
817,-63.0,1,-45.0,1,
818,-45.0,1,45.0,2,
819,0.0,2,-45.0,1,
820,45.0,1,
822,45.0,2,
823,0.0,1,45.0,1,
904,34.0,1,45.0,1,37.0,1,
905,90.0,1,45.0,3,63.0,1,
906,63.0,1,53.0,1,45.0,1,
907,45.0,4,
908,72.0,1,76.0,1,79.0,1,
909,90.0,1,76.0,1,79.0,1,
910,72.0,1,90.0,1,79.0,1,
911,-79.0,1,90.0,2,45.0,1,
912,-79.0,1,90.0,3,45.0,1,
913,-72.0,1,-79.0,1,90.0,3,
914,90.0,3,45.0,1,
915,90.0,1,
917,90.0,1,45.0,2,
918,0.0,2,18.0,1,
919,45.0,1,
920,34.0,1,
922,27.0,1,45.0,1,
923,45.0,1,
1005,45.0,2,53.0,1,
1006,56.0,1,45.0,1,63.0,1,
1007,72.0,1,90.0,1,45.0,1,
1008,76.0,1,63.0,2,
1009,76.0,1,63.0,2,
1010,90.0,1,76.0,1,45.0,1,
1011,90.0,1,
1012,90.0,1,
1013,90.0,1,
1014,90.0,1,
1015,-72.0,1,90.0,1,-76.0,1,
1016,-63.0,1,90.0,1,45.0,3,
1017,90.0,2,45.0,1,
1018,34.0,1,-63.0,1,90.0,1,27.0,2,37.0,1,
1019,-63.0,1,90.0,1,45.0,1,
1020,34.0,1,27.0,1,45.0,1,
1021,0.0,1,
1023,34.0,2,
1100,90.0,3,
1101,90.0,3,
1102,90.0,3,
1106,90.0,1,45.0,2,
1107,72.0,1,68.0,1,63.0,1,
1108,72.0,1,76.0,1,79.0,1,
1109,90.0,1,76.0,1,79.0,1,
1110,90.0,3,
1111,90.0,4,
1112,-79.0,1,90.0,2,63.0,1,
1113,-79.0,1,90.0,4,
1114,-72.0,1,-79.0,1,90.0,2,-76.0,1,
1115,-63.0,1,90.0,4,
1116,72.0,1,34.0,1,90.0,1,45.0,1,37.0,1,
1117,45.0,1,
1118,0.0,1,27.0,1,
1119,34.0,1,27.0,2,
1120,45.0,1,
1121,0.0,1,18.0,2,
1123,45.0,2,
1124,0.0,2,
1200,0.0,2,18.0,1,90.0,3,
1201,90.0,3,
1202,0.0,3,18.0,1,27.0,1,45.0,1,
1209,90.0,1,
1210,90.0,1,
1211,90.0,1,
1212,90.0,1,
1216,0.0,1,
1217,0.0,1,34.0,1,27.0,1,
1218,45.0,1,
1219,0.0,1,27.0,2,45.0,1,
1221,18.0,1,27.0,1,45.0,1,
1224,0.0,2,
1300,0.0,3,18.0,1,11.0,2,
1302,0.0,1,27.0,3,45.0,2,
1303,0.0,1,
1317,18.0,1,45.0,1,14.0,1,
1319,27.0,1,45.0,2,
1320,0.0,1,
1321,0.0,3,
1324,0.0,1,45.0,1,
1400,0.0,1,18.0,2,11.0,1,45.0,1,22.0,1,
1402,18.0,1,27.0,1,14.0,1,
1403,18.0,1,27.0,1,31.0,1,
1417,0.0,2,11.0,1,
1419,0.0,1,45.0,2,
1420,0.0,1,45.0,1,
1421,0.0,3,
1424,0.0,2,
1500,0.0,1,27.0,1,45.0,2,22.0,1,
1501,0.0,1,27.0,2,
1502,34.0,1,45.0,2,
1503,0.0,3,45.0,1,
1504,34.0,1,45.0,2,
1517,0.0,2,45.0,1,
1518,0.0,1,-45.0,1,
1519,0.0,2,
1520,0.0,2,
1521,0.0,1,-45.0,1,-27.0,1,
1524,0.0,2,
1600,0.0,2,45.0,1,
1601,0.0,1,27.0,4,45.0,1,
1602,27.0,1,45.0,2,
1603,34.0,1,37.0,1,39.0,1,
1604,45.0,2,
1605,45.0,3,
1606,45.0,2,
1617,0.0,1,90.0,1,-27.0,1,-18.0,1,
1618,-45.0,1,45.0,1,
1619,45.0,1,-18.0,1,
1620,0.0,2,45.0,2,
1621,-45.0,1,-27.0,1,45.0,1,
1624,0.0,1,-27.0,1,
1701,45.0,1,37.0,2,
1702,0.0,1,45.0,2,
1703,45.0,4,
1704,45.0,3,
1706,56.0,1,90.0,1,45.0,1,
1707,63.0,3,
1708,90.0,1,45.0,1,
1715,90.0,1,
1716,0.0,1,-63.0,1,-45.0,1,
1717,0.0,1,-45.0,2,45.0,1,
1718,45.0,1,
1719,90.0,1,45.0,1,-27.0,2,
1720,0.0,1,-45.0,1,45.0,2,
1723,-45.0,1,45.0,1,
1724,0.0,1,45.0,1,
1801,0.0,1,45.0,2,
1802,45.0,2,37.0,1,
1803,45.0,3,
1804,53.0,1,45.0,3,
1805,56.0,1,51.0,1,45.0,2,53.0,1,
1806,90.0,1,63.0,1,
1808,90.0,2,63.0,1,
1809,76.0,1,63.0,2,
1810,76.0,1,63.0,2,
1811,90.0,2,63.0,1,
1812,90.0,2,
1813,90.0,1,-76.0,1,
1814,90.0,1,-76.0,1,
1815,90.0,3,45.0,2,
1816,90.0,3,45.0,2,
1817,90.0,2,45.0,1,
1818,0.0,1,-63.0,1,90.0,1,45.0,1,
1819,-56.0,1,-45.0,1,-27.0,1,-34.0,1,
1820,45.0,1,
1822,45.0,2,
1823,45.0,2,
1902,0.0,1,45.0,2,
1903,56.0,1,45.0,1,53.0,1,
1904,45.0,1,
1905,56.0,1,45.0,1,63.0,1,
1906,56.0,1,90.0,1,45.0,1,63.0,3,
1907,72.0,1,90.0,1,68.0,1,45.0,1,63.0,1,
1908,76.0,1,68.0,1,
1909,90.0,1,45.0,1,
1912,90.0,2,45.0,1,
1913,-79.0,1,90.0,1,-76.0,1,
1914,-72.0,1,90.0,2,-76.0,1,
1915,-72.0,1,-63.0,1,45.0,1,
1916,90.0,1,45.0,1,
1917,-72.0,1,45.0,1,
1918,-72.0,1,-45.0,1,45.0,2,
1919,-45.0,1,
1920,90.0,2,
1921,-63.0,1,90.0,1,
1922,45.0,1,
2003,45.0,3,
2004,59.0,1,53.0,1,63.0,1,
2005,45.0,2,
2006,45.0,1,
2007,90.0,2,63.0,1,
2008,72.0,1,90.0,2,76.0,1,
2009,90.0,5,45.0,1,
2010,72.0,1,90.0,3,45.0,1,63.0,1,
2011,90.0,5,
2012,90.0,4,
2013,-72.0,1,90.0,1,
2014,90.0,2,45.0,1,
2015,-72.0,1,90.0,1,
2016,90.0,3,45.0,2,
2017,-56.0,1,90.0,4,
2018,-63.0,1,90.0,1,45.0,2,
2019,-63.0,1,90.0,1,
2020,45.0,1,
