4,90.0,1,45.0,1,
5,-72.0,1,-63.0,1,90.0,2,-76.0,1,45.0,1,
6,-72.0,2,-63.0,1,90.0,3,
7,-72.0,2,90.0,4,
8,90.0,6,
9,-72.0,1,90.0,4,63.0,1,
10,72.0,1,90.0,4,76.0,1,
11,72.0,1,90.0,5,
12,72.0,1,90.0,2,76.0,1,63.0,2,
13,72.0,2,90.0,1,45.0,1,63.0,2,
14,72.0,1,90.0,1,45.0,2,
15,90.0,1,
2100,45.0,1,
2101,45.0,3,
2102,56.0,1,45.0,2,63.0,1,
2103,45.0,1,63.0,1,
2104,90.0,1,
2105,45.0,1,
2106,45.0,1,
2107,90.0,1,45.0,2,
2108,72.0,1,90.0,2,45.0,1,
2109,90.0,4,
2110,90.0,3,
2111,-72.0,1,
2112,90.0,1,
2113,45.0,2,
2114,-63.0,1,90.0,1,
2115,90.0,2,
2116,-63.0,1,90.0,1,45.0,1,
2117,45.0,3,
2119,45.0,1,
2120,45.0,1,
102,45.0,1,
103,-63.0,3,90.0,1,45.0,1,
104,-72.0,1,-63.0,3,90.0,2,
105,90.0,1,45.0,1,
113,90.0,1,45.0,1,
114,90.0,1,45.0,1,53.0,1,63.0,2,
115,56.0,1,90.0,1,45.0,1,63.0,3,
116,56.0,1,45.0,2,
117,56.0,1,
2201,27.0,1,
2203,56.0,1,45.0,1,63.0,1,
2204,90.0,2,63.0,2,
2205,63.0,1,
2206,90.0,1,76.0,1,
2207,90.0,1,63.0,1,
2208,90.0,1,45.0,1,
2209,90.0,1,
2210,90.0,1,
2211,90.0,1,-76.0,1,
2212,-72.0,1,90.0,1,
2213,-72.0,1,90.0,1,
2214,90.0,2,45.0,2,
2215,-63.0,2,90.0,1,
2216,90.0,1,
2219,-45.0,1,
201,45.0,1,
202,-63.0,2,45.0,4,
203,-63.0,1,45.0,3,
207,90.0,1,
208,90.0,3,
209,90.0,3,
210,72.0,1,90.0,1,
211,90.0,1,
212,45.0,1,
215,45.0,2,
216,56.0,2,45.0,2,63.0,1,
217,90.0,1,45.0,2,
218,45.0,2,
219,45.0,1,
2302,45.0,1,
2303,45.0,1,
2304,90.0,1,45.0,1,
2305,72.0,1,63.0,2,
2306,72.0,1,63.0,2,
2307,90.0,3,
2308,90.0,3,
2309,90.0,3,45.0,1,
2310,90.0,3,
2311,90.0,3,
2312,-72.0,1,90.0,2,
2313,-72.0,1,-63.0,2,
2314,-63.0,1,45.0,2,
2317,45.0,1,
2318,-63.0,1,
301,0.0,2,-45.0,2,45.0,2,
302,45.0,2,
306,-56.0,1,-63.0,1,45.0,1,0.0,1,
307,-56.0,1,-63.0,1,90.0,4,
308,90.0,3,45.0,1,
309,90.0,3,
310,90.0,3,45.0,1,63.0,1,
311,90.0,4,76.0,1,
312,72.0,1,90.0,4,63.0,1,
313,72.0,1,90.0,1,45.0,2,
314,72.0,1,
315,90.0,1,
316,45.0,1,
317,0.0,1,34.0,1,45.0,2,
318,45.0,3,
319,27.0,1,45.0,1,
320,45.0,1,
2403,45.0,1,
2404,45.0,1,
2407,90.0,1,
2408,90.0,1,
2409,90.0,1,
2410,90.0,1,
2411,45.0,1,
2416,90.0,1,
2417,90.0,1,
400,0.0,3,-45.0,1,-34.0,1,
401,-45.0,1,45.0,4,
406,90.0,1,45.0,2,
407,56.0,1,45.0,2,63.0,2,
408,45.0,3,
409,45.0,1,
413,90.0,1,45.0,1,63.0,3,
414,45.0,4,63.0,1,
415,45.0,2,
416,56.0,1,
417,45.0,1,
418,27.0,1,45.0,3,
419,45.0,1,
420,27.0,1,45.0,1,
421,0.0,1,
2504,45.0,1,
2505,63.0,1,
2506,63.0,1,
2507,45.0,1,
2512,45.0,1,
2513,90.0,1,
2514,-63.0,1,
2515,90.0,1,
500,0.0,2,-45.0,2,-27.0,1,-18.0,1,
503,45.0,1,
504,90.0,2,
505,90.0,1,
506,45.0,1,
507,45.0,2,
508,34.0,1,27.0,1,45.0,2,63.0,1,
509,34.0,1,
514,45.0,3,
515,45.0,5,
516,45.0,1,
517,37.0,1,
518,0.0,1,34.0,1,
519,34.0,1,45.0,2,
520,45.0,1,
521,27.0,1,
2607,90.0,1,
2608,90.0,1,
2609,90.0,1,
2610,90.0,1,
2611,90.0,1,
2612,90.0,1,
600,0.0,4,-45.0,2,
602,0.0,1,45.0,1,
603,-63.0,2,45.0,3,
604,90.0,5,
605,56.0,1,45.0,4,
606,45.0,1,
608,0.0,2,27.0,1,45.0,1,
609,0.0,2,27.0,1,45.0,1,
610,0.0,1,
615,45.0,2,37.0,1,
616,45.0,4,
617,45.0,1,
618,0.0,1,27.0,1,
619,0.0,2,45.0,2,
620,45.0,2,
621,0.0,2,
622,0.0,1,
700,0.0,6,
702,0.0,4,-45.0,1,
703,45.0,2,
704,45.0,1,
705,90.0,1,45.0,2,
706,0.0,3,45.0,3,
707,0.0,1,
708,0.0,2,
709,0.0,2,45.0,1,
710,0.0,1,
716,0.0,1,27.0,2,45.0,1,
717,45.0,3,
718,45.0,1,
719,0.0,1,18.0,1,45.0,1,
720,27.0,2,
721,0.0,1,
722,18.0,1,
800,0.0,5,18.0,1,
802,0.0,3,27.0,2,
803,45.0,1,
804,90.0,1,
805,90.0,1,-45.0,1,
806,0.0,5,45.0,1,
808,0.0,2,
809,0.0,4,
810,45.0,1,
816,18.0,1,45.0,1,
817,0.0,1,27.0,1,45.0,1,
818,27.0,1,
819,27.0,2,
820,0.0,2,27.0,1,
821,0.0,1,
822,14.0,1,
900,0.0,2,18.0,1,27.0,2,34.0,1,
902,0.0,1,45.0,3,
903,63.0,1,45.0,2,53.0,1,
904,-76.0,1,45.0,2,
905,90.0,2,45.0,2,
906,0.0,1,45.0,3,
908,0.0,1,45.0,2,-27.0,1,
909,0.0,3,-34.0,1,
916,45.0,1,
917,27.0,1,45.0,2,
918,45.0,1,
919,18.0,1,27.0,1,
920,0.0,1,27.0,1,45.0,1,
922,0.0,2,
1000,0.0,1,34.0,1,27.0,2,45.0,1,
1001,45.0,1,
1002,45.0,1,
1003,90.0,1,45.0,2,
1004,90.0,3,
1005,45.0,3,
1006,45.0,1,
1007,45.0,2,
1008,0.0,2,-45.0,2,45.0,1,
1009,-45.0,1,
1016,0.0,1,
1017,0.0,3,45.0,1,
1018,45.0,1,
1019,0.0,3,
1020,0.0,3,
1022,0.0,1,27.0,1,
1100,0.0,1,27.0,1,45.0,1,
1101,27.0,2,53.0,1,45.0,1,
1102,45.0,1,63.0,1,
1103,72.0,1,
1104,72.0,1,90.0,1,
1105,-72.0,1,90.0,1,
1106,90.0,2,
1107,-63.0,1,45.0,4,
1108,0.0,1,45.0,2,
1109,-45.0,1,
1117,0.0,4,
1119,0.0,3,
1120,0.0,3,
1122,0.0,2,
1200,45.0,1,
1201,45.0,4,
1202,56.0,1,72.0,1,63.0,2,
1203,90.0,1,76.0,1,45.0,2,
1204,90.0,2,
1205,90.0,1,-76.0,1,45.0,2,
1206,-72.0,1,-63.0,2,90.0,1,
1207,-63.0,1,45.0,2,
1208,-45.0,1,
1216,0.0,1,
1217,0.0,4,
1219,0.0,2,45.0,1,
1220,0.0,3,
1222,0.0,1,-27.0,1,
1301,45.0,1,
1302,63.0,1,
1303,90.0,2,
1304,90.0,2,
1305,90.0,2,
1306,45.0,1,
1307,-63.0,1,
1308,45.0,1,
1316,-18.0,1,
1317,0.0,3,
1318,45.0,1,
1319,0.0,2,-45.0,1,
1320,0.0,3,
1322,0.0,1,-18.0,1,
1402,-63.0,1,
1403,90.0,1,45.0,1,
1404,90.0,1,
1405,90.0,1,
1406,90.0,1,
1416,-27.0,1,
1417,0.0,2,-45.0,1,
1418,-27.0,1,
1419,0.0,1,-18.0,1,
1420,0.0,1,-45.0,2,
1422,0.0,1,-27.0,1,
1500,90.0,1,
1501,90.0,1,
1502,90.0,1,45.0,1,
1503,37.0,1,
1516,-45.0,1,45.0,1,
1517,0.0,3,-45.0,1,
1518,0.0,1,
1519,0.0,1,-27.0,1,
1520,0.0,2,-27.0,1,
1521,-45.0,1,
1522,0.0,1,45.0,1,
1600,90.0,1,27.0,1,
1601,-63.0,1,
1602,-63.0,1,90.0,2,63.0,1,
1603,0.0,1,
1604,45.0,1,
1605,45.0,1,
1615,-45.0,1,
1616,0.0,2,-45.0,1,45.0,1,
1617,0.0,1,45.0,2,
1618,0.0,2,
1619,0.0,2,45.0,1,
1620,0.0,1,-27.0,1,45.0,2,
1621,-45.0,1,
1622,0.0,1,
1700,90.0,4,45.0,1,
1701,-63.0,3,45.0,1,
1702,45.0,2,
1703,0.0,1,27.0,1,45.0,1,37.0,1,
1705,45.0,1,
1706,72.0,1,
1714,90.0,1,45.0,1,
1715,90.0,1,45.0,2,
1716,0.0,1,-45.0,1,45.0,2,
1718,0.0,1,-45.0,1,
1719,0.0,3,45.0,1,
1720,-45.0,1,45.0,1,
1721,45.0,1,
1722,0.0,1,
1800,0.0,1,27.0,2,37.0,1,
1801,90.0,1,45.0,1,
1802,-63.0,1,45.0,1,
1803,0.0,1,45.0,3,
1804,45.0,3,53.0,1,
1805,45.0,1,
1807,72.0,1,
1808,90.0,1,
1809,72.0,1,
1810,90.0,1,
1811,90.0,1,
1812,-72.0,1,
1813,-72.0,1,-63.0,1,
1814,45.0,2,
1815,45.0,3,
1817,45.0,2,
1818,0.0,2,90.0,1,45.0,1,
1819,0.0,1,-45.0,2,45.0,1,
1821,-45.0,1,
1900,-63.0,1,27.0,1,45.0,3,
1901,45.0,3,
1902,90.0,1,
1903,56.0,1,27.0,1,
1904,45.0,4,
1905,56.0,1,45.0,3,
1906,63.0,1,
1907,90.0,1,
1910,90.0,1,
1911,-72.0,1,
1912,-72.0,1,
1913,90.0,1,45.0,3,
1914,90.0,1,45.0,2,
1916,45.0,2,
1917,-56.0,1,-45.0,2,
1918,-45.0,2,45.0,2,
1919,45.0,1,
1921,0.0,1,
2000,27.0,1,
2001,45.0,4,
2002,56.0,1,
2004,45.0,1,63.0,1,
2005,56.0,1,90.0,2,45.0,1,
2006,72.0,2,63.0,2,
2007,90.0,3,45.0,1,63.0,1,
2008,90.0,2,
2009,90.0,1,
2010,90.0,2,45.0,1,
2011,90.0,3,
2012,90.0,3,
2013,-63.0,1,90.0,2,45.0,1,
2014,-72.0,1,
2015,90.0,1,45.0,1,
2016,-63.0,1,45.0,2,
2017,-45.0,1,45.0,2,
2018,45.0,2,
2020,-45.0,1,
