7,-72.0,2,45.0,2,
8,-72.0,3,-68.0,1,90.0,2,-76.0,1,
9,-72.0,2,-79.0,1,90.0,4,
10,90.0,6,79.0,1,
11,72.0,2,68.0,1,90.0,2,76.0,1,79.0,1,
12,72.0,3,68.0,1,76.0,1,63.0,2,
13,72.0,2,90.0,1,63.0,2,
2100,0.0,2,45.0,3,
2101,72.0,2,90.0,1,63.0,1,
2102,56.0,2,68.0,1,63.0,1,
2103,72.0,2,90.0,2,
2104,-72.0,2,90.0,1,45.0,1,
2105,-68.0,2,45.0,2,
2106,-63.0,2,45.0,2,
2107,0.0,2,-45.0,1,45.0,1,
2108,45.0,2,
2109,72.0,2,90.0,1,
2110,72.0,3,
2111,90.0,3,
2112,-72.0,2,90.0,1,
2113,-63.0,2,45.0,1,
106,-53.0,2,45.0,2,
107,-56.0,3,-63.0,2,90.0,1,45.0,1,
108,45.0,2,
109,90.0,2,
110,45.0,2,
112,45.0,2,63.0,1,
113,56.0,3,45.0,1,63.0,2,
114,56.0,2,45.0,2,63.0,1,
2200,45.0,3,
2201,90.0,2,
2202,72.0,2,76.0,1,
2203,72.0,2,90.0,1,76.0,1,
2204,-72.0,2,90.0,1,-76.0,1,
2205,-72.0,3,
2206,45.0,3,
2207,45.0,3,
205,0.0,2,
206,0.0,6,45.0,1,
207,45.0,2,
208,63.0,2,
209,-56.0,2,-63.0,3,37.0,1,45.0,1,
210,-72.0,2,-79.0,1,90.0,3,76.0,1,
211,72.0,4,68.0,1,59.0,1,76.0,1,
212,72.0,2,63.0,3,
213,45.0,2,
214,90.0,2,45.0,4,
215,56.0,2,34.0,1,45.0,2,
2300,45.0,2,
2301,56.0,2,63.0,1,
2302,45.0,2,
2305,45.0,2,
2306,45.0,3,
2307,45.0,2,
305,0.0,3,45.0,1,-34.0,1,
306,0.0,5,45.0,1,
309,90.0,5,45.0,1,
310,68.0,2,72.0,1,76.0,1,53.0,1,56.0,1,63.0,1,
311,90.0,2,45.0,2,63.0,1,
312,56.0,2,45.0,3,37.0,1,
313,45.0,5,
314,34.0,2,45.0,1,
315,34.0,3,45.0,3,
316,45.0,4,
2401,45.0,2,
2402,56.0,2,90.0,1,
2403,90.0,3,
2404,90.0,3,
2405,-72.0,2,90.0,1,
2406,90.0,2,
405,0.0,4,-45.0,1,-27.0,1,
406,0.0,2,
407,-63.0,2,
408,-72.0,2,90.0,1,45.0,1,79.0,1,
409,76.0,2,45.0,2,
410,45.0,3,
411,56.0,2,34.0,1,45.0,3,63.0,1,
412,45.0,7,
413,0.0,2,27.0,1,45.0,4,
414,0.0,3,45.0,2,
415,0.0,2,45.0,1,
416,34.0,2,27.0,2,45.0,1,
505,0.0,7,
506,0.0,2,
507,0.0,2,45.0,3,
508,-72.0,2,-63.0,1,-56.0,1,45.0,2,
509,72.0,4,56.0,1,34.0,1,45.0,1,
510,45.0,5,
511,27.0,2,45.0,1,
512,34.0,3,45.0,2,
513,27.0,3,
514,34.0,2,27.0,2,45.0,1,
515,0.0,2,14.0,1,
516,0.0,2,45.0,3,
517,0.0,2,
605,0.0,7,
606,0.0,2,
607,0.0,7,
608,45.0,2,
609,-45.0,2,
610,0.0,4,45.0,2,
611,0.0,3,
612,0.0,5,
613,0.0,2,18.0,1,45.0,1,
614,27.0,2,45.0,4,
615,72.0,2,0.0,2,
616,0.0,4,-79.0,1,
617,-79.0,2,27.0,1,79.0,1,
618,90.0,2,59.0,1,
619,45.0,2,79.0,1,
705,0.0,6,27.0,1,
707,0.0,3,34.0,1,27.0,1,53.0,1,45.0,1,
708,90.0,2,45.0,1,
709,45.0,3,
710,0.0,3,-45.0,1,-27.0,1,45.0,1,
711,0.0,3,-27.0,1,
712,0.0,3,-18.0,1,
713,0.0,2,14.0,1,
714,0.0,3,27.0,1,45.0,1,
715,0.0,4,45.0,1,
716,-72.0,1,0.0,2,45.0,2,
717,90.0,3,-76.0,1,45.0,1,
718,-72.0,2,90.0,3,
719,90.0,3,76.0,1,37.0,1,63.0,1,
720,56.0,2,90.0,2,59.0,1,
721,45.0,2,
805,0.0,3,27.0,1,45.0,2,37.0,1,
806,45.0,2,
807,45.0,5,
808,0.0,2,72.0,1,76.0,1,45.0,1,63.0,1,
809,90.0,2,-68.0,1,45.0,1,
810,-45.0,2,45.0,3,
811,0.0,2,-45.0,1,
812,0.0,2,-45.0,1,45.0,1,-34.0,1,
813,0.0,3,
814,0.0,2,
815,0.0,4,27.0,1,
816,-63.0,2,
817,59.0,2,45.0,1,
819,0.0,2,45.0,1,
820,0.0,2,90.0,1,45.0,3,
821,56.0,2,45.0,2,37.0,1,
905,0.0,3,45.0,2,
906,0.0,1,59.0,1,27.0,2,45.0,3,
907,79.0,2,
908,90.0,2,63.0,2,
909,-72.0,2,90.0,1,-76.0,1,
910,90.0,2,45.0,1,
911,-45.0,2,45.0,2,
912,0.0,2,-45.0,2,
913,0.0,2,
914,0.0,2,
915,0.0,5,-45.0,1,
916,90.0,2,
917,90.0,3,-53.0,1,
918,90.0,3,34.0,1,45.0,1,
919,45.0,1,53.0,2,
920,0.0,2,45.0,1,
921,27.0,2,45.0,2,
922,27.0,2,45.0,1,
1006,27.0,2,45.0,3,63.0,1,
1007,90.0,2,59.0,1,63.0,1,
1008,79.0,2,
1009,-79.0,2,
1010,90.0,3,-68.0,1,
1011,-56.0,2,90.0,1,45.0,1,
1012,45.0,3,
1013,-45.0,2,
1014,0.0,3,
1015,0.0,5,18.0,1,
1016,-45.0,2,45.0,1,
1017,0.0,3,45.0,1,
1018,-72.0,2,90.0,1,-27.0,1,45.0,1,
1019,72.0,1,56.0,1,45.0,1,0.0,2,
1020,0.0,4,45.0,1,
1021,45.0,2,
1022,0.0,4,27.0,1,
1106,45.0,3,
1107,72.0,3,90.0,2,
1108,90.0,4,
1109,90.0,3,45.0,1,
1110,90.0,3,45.0,1,
1111,-63.0,2,45.0,1,
1113,-27.0,2,
1114,0.0,3,-27.0,1,
1115,0.0,2,-45.0,1,45.0,2,
1116,0.0,3,68.0,1,
1117,0.0,2,-45.0,2,-76.0,1,14.0,1,
1118,45.0,2,
1119,0.0,3,-45.0,1,
1120,0.0,5,45.0,2,
1122,0.0,5,
1205,90.0,2,
1206,90.0,2,
1207,27.0,2,
1208,90.0,3,
1209,90.0,3,
1210,90.0,2,
1212,45.0,2,
1213,-45.0,2,45.0,1,
1214,0.0,2,-45.0,2,45.0,1,
1215,0.0,2,-45.0,1,
1216,45.0,2,
1217,0.0,2,34.0,1,27.0,1,45.0,1,
1218,90.0,2,-45.0,1,
1219,-56.0,2,-45.0,2,
1220,0.0,4,
1221,45.0,1,-27.0,2,
1222,0.0,4,
1305,0.0,3,90.0,1,45.0,1,
1306,90.0,4,
1307,90.0,4,34.0,1,
1312,-45.0,2,
1313,-45.0,2,
1314,0.0,3,-45.0,1,-34.0,1,
1315,0.0,2,59.0,1,45.0,1,
1316,90.0,2,45.0,1,
1317,90.0,4,45.0,2,
1318,-63.0,2,90.0,2,45.0,1,
1319,90.0,2,45.0,2,
1320,0.0,2,-45.0,2,
1321,-45.0,3,
1322,0.0,2,-45.0,1,
1405,0.0,5,45.0,1,
1406,90.0,2,
1407,0.0,3,90.0,1,45.0,1,
1408,27.0,1,59.0,2,45.0,1,
1411,45.0,2,
1412,45.0,2,
1413,-45.0,3,45.0,1,
1414,0.0,2,-45.0,2,45.0,1,
1415,0.0,2,90.0,1,-27.0,1,
1416,90.0,2,59.0,1,
1417,90.0,2,
1418,72.0,2,63.0,1,
1419,90.0,5,
1420,0.0,2,-63.0,1,45.0,2,
1421,45.0,3,
1422,0.0,2,-45.0,1,
1505,0.0,6,
1506,90.0,2,
1507,0.0,3,90.0,1,
1508,0.0,2,34.0,1,45.0,3,
1509,45.0,2,79.0,1,
1510,90.0,2,
1511,-63.0,2,
1512,45.0,3,
1513,0.0,2,-45.0,2,45.0,1,
1514,0.0,3,-45.0,1,
1515,90.0,2,-45.0,2,
1516,72.0,2,90.0,1,63.0,1,
1517,90.0,3,76.0,1,
1518,-72.0,2,90.0,2,
1519,90.0,3,45.0,1,
1520,-63.0,2,
1521,-63.0,2,45.0,1,
1522,45.0,2,
1600,45.0,2,
1601,59.0,2,
1604,45.0,2,
1605,0.0,5,-27.0,1,
1606,0.0,2,
1607,90.0,2,
1608,27.0,2,45.0,4,
1609,72.0,2,45.0,1,63.0,1,
1610,79.0,2,
1611,90.0,2,
1612,-72.0,2,45.0,3,
1613,0.0,3,45.0,1,
1614,0.0,2,-45.0,1,45.0,2,
1615,0.0,2,-45.0,1,45.0,1,
1616,90.0,2,45.0,1,
1617,72.0,2,63.0,1,
1618,90.0,2,
1619,90.0,2,
1620,-63.0,2,45.0,1,
1621,45.0,2,
1700,0.0,2,
1701,90.0,2,
1702,59.0,2,
1703,90.0,2,
1704,-63.0,2,
1705,0.0,4,-45.0,1,
1706,0.0,2,-45.0,1,
1707,0.0,2,45.0,1,
1708,0.0,2,76.0,1,45.0,2,
1709,90.0,4,45.0,1,79.0,1,
1710,90.0,3,76.0,1,
1711,-72.0,2,-79.0,1,90.0,1,
1712,90.0,3,
1713,45.0,4,
1714,-45.0,3,45.0,2,
1715,0.0,2,45.0,1,
1716,0.0,2,
1717,45.0,2,
1718,72.0,2,90.0,1,
1719,90.0,2,45.0,1,
1720,90.0,2,
1800,45.0,3,53.0,1,
1801,72.0,2,90.0,1,45.0,2,
1802,53.0,2,
1804,45.0,2,
1805,0.0,3,-45.0,2,
1806,0.0,2,45.0,1,
1807,0.0,2,90.0,1,45.0,1,
1808,56.0,2,45.0,2,
1809,90.0,2,68.0,1,63.0,1,
1810,72.0,2,45.0,1,63.0,1,
1811,90.0,2,
1812,90.0,4,
1813,45.0,3,-59.0,2,
1814,45.0,2,
1815,0.0,2,-45.0,1,
1900,45.0,2,37.0,2,
1901,45.0,3,63.0,1,
1902,56.0,2,79.0,1,45.0,1,63.0,1,
1903,90.0,2,79.0,1,
1904,90.0,3,-76.0,1,45.0,1,
1905,0.0,2,-63.0,1,45.0,2,
1906,0.0,2,
1907,0.0,3,-34.0,1,
1908,45.0,2,63.0,2,
1909,72.0,2,63.0,1,
1910,90.0,4,45.0,1,
1911,90.0,4,
1912,-63.0,2,90.0,3,
1913,-63.0,2,
1914,45.0,2,
1915,0.0,2,
2000,34.0,2,45.0,4,
2001,72.0,2,56.0,2,
2002,45.0,2,
2003,90.0,2,76.0,1,
2004,-72.0,2,90.0,1,
2005,0.0,2,-45.0,1,
2006,90.0,2,45.0,2,
2007,0.0,3,-45.0,1,45.0,1,
2008,90.0,2,63.0,1,
2009,90.0,2,
2010,90.0,2,
2011,90.0,2,
2012,45.0,2,
2013,90.0,2,
2014,90.0,2,45.0,1,
