1108,45.0,2,
514,90.0,1,
515,-79.0,1,90.0,2,45.0,1,
516,-72.0,2,-63.0,1,90.0,1,-76.0,1,-79.0,1,
5,0.0,2,90.0,3,
6,90.0,6,
7,90.0,6,
520,-72.0,1,0.0,2,90.0,2,
1006,0.0,1,45.0,1,
13,-63.0,1,90.0,1,45.0,1,
14,-56.0,1,-63.0,1,-53.0,1,-68.0,1,45.0,2,
15,-72.0,1,-63.0,2,90.0,3,
16,-79.0,1,90.0,4,-76.0,1,
17,72.0,2,90.0,3,68.0,1,
18,56.0,2,90.0,1,59.0,1,76.0,1,79.0,1,
19,72.0,1,68.0,1,45.0,3,63.0,1,
20,56.0,1,51.0,1,45.0,1,
617,-63.0,1,90.0,1,45.0,1,63.0,1,
819,34.0,1,18.0,1,45.0,3,
517,-72.0,1,90.0,1,-76.0,1,45.0,2,
717,90.0,1,45.0,1,63.0,2,
1506,90.0,1,
518,-72.0,1,-63.0,1,90.0,1,
308,0.0,1,
1206,90.0,1,-45.0,1,45.0,1,
519,-72.0,1,-45.0,2,45.0,1,
605,0.0,5,
206,0.0,1,
8,0.0,1,
606,0.0,1,
521,-45.0,2,45.0,1,
607,18.0,2,45.0,1,
2108,45.0,3,
2109,63.0,1,
2110,90.0,1,63.0,2,79.0,1,
2111,72.0,2,90.0,1,79.0,1,
2112,72.0,2,90.0,1,
2113,90.0,4,
2114,-72.0,1,-79.0,1,90.0,2,
2115,-72.0,1,90.0,3,
2116,90.0,2,
1605,0.0,1,90.0,1,45.0,1,
1606,0.0,1,-79.0,1,90.0,2,
1607,0.0,1,18.0,1,90.0,2,
1608,18.0,2,
1207,0.0,1,
1100,27.0,1,45.0,5,
1101,56.0,1,72.0,2,59.0,1,63.0,1,
1102,56.0,2,68.0,1,45.0,1,63.0,1,
1103,90.0,1,76.0,1,45.0,1,
1104,90.0,1,-76.0,1,45.0,3,
1105,-45.0,2,-76.0,1,45.0,2,
1106,-39.0,1,90.0,1,45.0,1,
1107,0.0,1,-37.0,1,45.0,2,-27.0,1,
1620,0.0,2,18.0,1,27.0,1,45.0,1,-18.0,1,
1109,45.0,4,
1110,59.0,1,53.0,1,45.0,2,
1111,56.0,3,90.0,1,59.0,1,
1112,72.0,3,59.0,1,45.0,1,
1113,90.0,2,79.0,1,45.0,1,63.0,1,
1114,90.0,2,76.0,1,
1115,90.0,2,
1116,90.0,2,45.0,1,
1117,-63.0,1,90.0,2,45.0,1,
1118,-63.0,1,-59.0,1,45.0,2,
1119,-68.0,1,45.0,3,
1120,-63.0,2,-45.0,1,45.0,1,-27.0,1,
1121,-45.0,1,45.0,1,
614,0.0,2,23.0,1,
615,0.0,1,9.0,1,90.0,2,45.0,1,
616,79.0,1,45.0,1,31.0,1,
105,0.0,5,
618,-63.0,1,90.0,1,51.0,1,
107,0.0,5,
620,0.0,1,56.0,1,51.0,1,
621,90.0,1,
112,0.0,1,-34.0,1,
113,-45.0,3,45.0,1,-34.0,1,
114,-45.0,1,45.0,3,
115,-79.0,1,90.0,1,45.0,2,
116,-72.0,1,90.0,2,-76.0,1,45.0,1,79.0,1,
117,-72.0,1,90.0,2,45.0,2,
118,72.0,1,63.0,2,
119,34.0,1,45.0,3,
120,0.0,1,27.0,1,45.0,1,
121,27.0,1,37.0,1,30.0,1,
122,27.0,1,
2118,-63.0,1,90.0,2,
106,0.0,1,
21,45.0,1,
2217,-63.0,1,90.0,1,
619,0.0,1,-63.0,1,59.0,1,45.0,2,
705,0.0,5,
108,0.0,1,
1815,-79.0,1,
706,0.0,1,
1304,90.0,2,
1219,-72.0,1,56.0,1,90.0,1,45.0,1,63.0,1,
1812,79.0,1,
1305,-72.0,2,
1220,56.0,1,90.0,1,45.0,2,
1306,45.0,1,
2208,45.0,1,63.0,1,
2209,56.0,2,
2210,72.0,1,45.0,1,
2211,90.0,1,
2212,76.0,1,
2213,90.0,1,
2214,90.0,1,
2215,90.0,1,-76.0,1,
2216,-72.0,1,90.0,2,
1705,0.0,1,18.0,1,90.0,2,
1706,90.0,2,27.0,1,14.0,1,
1707,0.0,1,90.0,2,27.0,1,
1708,0.0,1,18.0,1,45.0,1,37.0,1,
1709,45.0,2,
1200,90.0,1,45.0,2,
1201,45.0,2,53.0,1,63.0,1,
1202,68.0,1,45.0,1,63.0,2,
1203,72.0,1,90.0,5,
1204,-79.0,1,90.0,3,45.0,1,-63.0,1,
1717,-34.0,1,
1718,0.0,2,45.0,2,
1719,0.0,3,-45.0,1,-27.0,1,
1720,0.0,5,
1721,0.0,1,-27.0,1,
1722,0.0,1,-18.0,1,
1211,72.0,1,45.0,2,63.0,1,
1212,76.0,1,68.0,1,
1213,90.0,4,76.0,1,
1214,72.0,1,90.0,4,68.0,1,
1215,90.0,4,79.0,1,63.0,1,
1216,72.0,1,90.0,1,59.0,1,
1217,53.0,1,45.0,1,63.0,1,
1218,-72.0,1,45.0,3,
707,0.0,1,45.0,1,
708,0.0,1,18.0,1,27.0,3,
709,27.0,2,45.0,1,
714,0.0,2,
715,72.0,1,90.0,1,76.0,1,45.0,1,
716,90.0,1,51.0,1,76.0,1,63.0,1,
205,0.0,5,
718,72.0,2,45.0,1,63.0,2,
207,0.0,5,
720,56.0,1,
721,32.0,1,34.0,1,45.0,1,
722,27.0,1,
212,0.0,2,-45.0,1,
213,0.0,3,
214,0.0,1,-45.0,1,45.0,1,14.0,1,
215,0.0,1,16.0,1,90.0,1,-45.0,1,-63.0,1,
216,0.0,1,45.0,1,
217,56.0,1,45.0,1,63.0,1,
218,45.0,5,
719,56.0,1,36.0,1,45.0,3,
220,0.0,1,18.0,2,14.0,1,
221,0.0,1,45.0,1,
222,0.0,2,27.0,1,
1317,56.0,1,45.0,5,
208,0.0,1,
806,0.0,1,
506,0.0,1,
1319,0.0,1,45.0,2,31.0,1,
1320,45.0,2,
1321,37.0,1,31.0,1,
2310,90.0,1,
2311,90.0,2,
2312,90.0,2,
2313,90.0,2,
2314,90.0,2,
2315,-72.0,1,
2316,45.0,1,
1805,0.0,1,18.0,1,45.0,2,
1806,0.0,1,18.0,1,27.0,1,45.0,1,
1807,34.0,1,27.0,1,14.0,1,39.0,1,
1808,45.0,1,31.0,1,
1809,45.0,4,
1810,51.0,1,45.0,1,
1811,68.0,1,45.0,1,
2117,-72.0,1,45.0,1,
1301,90.0,1,63.0,1,
1302,72.0,1,56.0,1,
1303,90.0,2,
1816,90.0,1,-68.0,1,
1817,-72.0,1,90.0,1,45.0,1,
1818,-56.0,1,0.0,1,90.0,1,45.0,1,-27.0,1,
1819,-37.0,1,45.0,2,-34.0,1,
1820,0.0,1,-45.0,1,-18.0,1,
1821,0.0,1,-37.0,1,-27.0,1,
901,90.0,1,45.0,1,
1312,72.0,2,
1313,72.0,1,90.0,1,
1314,72.0,1,90.0,1,
1315,90.0,3,63.0,1,
1316,51.0,1,63.0,1,
805,0.0,5,
1318,56.0,1,45.0,3,37.0,1,
807,0.0,1,45.0,1,
808,34.0,2,27.0,1,45.0,2,
809,0.0,1,34.0,2,45.0,1,
810,34.0,1,37.0,1,
1415,90.0,1,45.0,1,
306,0.0,1,
2013,90.0,2,
816,45.0,2,
305,0.0,5,
818,45.0,3,
307,0.0,5,
820,0.0,1,18.0,1,27.0,2,
821,0.0,1,34.0,1,
822,0.0,1,27.0,1,45.0,1,
1417,34.0,1,45.0,3,
312,0.0,1,45.0,1,31.0,1,
313,34.0,1,27.0,2,45.0,1,63.0,1,
314,0.0,1,51.0,1,31.0,1,45.0,2,63.0,1,
315,90.0,1,45.0,2,63.0,2,
316,56.0,1,72.0,1,63.0,1,
317,0.0,2,
318,0.0,3,
319,0.0,1,-18.0,1,
320,0.0,2,-45.0,1,-9.0,1,
321,0.0,1,
322,0.0,3,
1419,34.0,1,27.0,1,45.0,2,30.0,1,37.0,1,
1505,0.0,1,
1420,0.0,1,27.0,1,45.0,1,
1507,-79.0,1,
2018,-63.0,1,
1421,18.0,1,31.0,1,
1017,90.0,1,-76.0,1,45.0,1,
1622,0.0,3,
1422,0.0,1,27.0,1,
608,18.0,2,22.0,1,
1008,0.0,1,27.0,2,45.0,1,39.0,1,
911,45.0,2,
1205,-72.0,2,-63.0,1,
2107,45.0,1,37.0,1,
1209,45.0,2,
2218,45.0,1,
1905,0.0,2,
1906,0.0,2,34.0,2,
1907,45.0,6,
1908,56.0,1,34.0,2,51.0,1,
1909,45.0,1,53.0,1,63.0,2,
1910,56.0,1,68.0,1,
1911,63.0,1,79.0,1,
1912,72.0,1,90.0,1,
1913,90.0,3,
1914,-79.0,1,90.0,2,
1915,90.0,1,-76.0,1,
1916,90.0,1,
1917,-63.0,1,90.0,1,45.0,2,
1918,0.0,1,-63.0,1,-45.0,1,45.0,2,
1919,90.0,1,45.0,2,
1920,-45.0,3,-27.0,1,
1921,0.0,1,
406,0.0,1,
906,0.0,1,
1416,56.0,2,
905,0.0,4,-11.0,1,
1418,45.0,3,
907,0.0,2,45.0,2,
908,0.0,1,56.0,1,34.0,1,31.0,1,
909,34.0,2,45.0,4,
910,45.0,3,39.0,1,
1005,0.0,2,-22.0,1,-27.0,1,45.0,2,
912,90.0,1,45.0,1,
505,0.0,5,
405,0.0,5,
918,0.0,1,27.0,1,45.0,1,
407,0.0,5,
920,-45.0,1,45.0,2,-9.0,1,
921,-27.0,1,
922,0.0,2,-14.0,1,
1519,0.0,1,27.0,1,45.0,1,
413,45.0,2,63.0,1,
414,56.0,2,63.0,1,79.0,1,
415,68.0,1,76.0,1,-27.0,1,-34.0,2,63.0,1,
416,72.0,1,-72.0,1,-45.0,1,45.0,1,
417,0.0,1,-45.0,1,45.0,2,
418,90.0,1,-45.0,1,45.0,2,-34.0,1,
419,-45.0,2,-34.0,2,
420,0.0,1,-27.0,2,
421,-27.0,1,-34.0,1,45.0,1,
422,45.0,1,-27.0,1,
1521,27.0,1,
2119,-45.0,1,45.0,2,
1522,0.0,2,45.0,1,
219,37.0,1,30.0,1,45.0,1,
1619,0.0,1,-22.0,1,
1517,45.0,2,
508,0.0,1,11.0,1,14.0,1,
1311,90.0,1,63.0,1,
2019,-45.0,2,45.0,2,
919,45.0,2,-27.0,1,
1210,56.0,2,
2006,27.0,2,
2007,90.0,1,45.0,1,
2008,56.0,1,59.0,1,45.0,2,
2009,56.0,1,68.0,1,45.0,2,63.0,1,
2010,72.0,1,90.0,1,68.0,1,45.0,2,
2011,72.0,1,79.0,1,63.0,1,
2012,90.0,1,76.0,1,79.0,1,
817,56.0,1,37.0,1,45.0,1,
2014,90.0,2,
2015,-79.0,1,90.0,1,-76.0,1,45.0,2,
2016,-72.0,1,-56.0,1,90.0,1,-76.0,2,45.0,1,
2017,-56.0,1,90.0,1,-68.0,1,45.0,2,
408,0.0,1,11.0,1,
507,0.0,2,18.0,2,
2020,0.0,1,45.0,1,
1000,34.0,1,45.0,3,
1001,-72.0,1,59.0,1,45.0,1,63.0,1,
1002,59.0,2,45.0,2,
1003,72.0,1,45.0,1,79.0,1,
1004,90.0,2,-76.0,1,
1618,-14.0,1,27.0,1,34.0,1,
1518,0.0,1,45.0,1,22.0,1,
1007,0.0,1,-14.0,1,-45.0,2,90.0,1,-27.0,1,
1520,0.0,1,18.0,1,27.0,3,
1009,45.0,6,
1010,45.0,4,53.0,1,
1011,59.0,1,45.0,1,
1012,56.0,2,68.0,1,45.0,1,
1013,56.0,1,90.0,1,68.0,1,
1014,72.0,1,79.0,1,
1015,90.0,3,
1016,-63.0,1,90.0,1,-79.0,1,
917,-45.0,1,
1018,-72.0,1,-63.0,1,45.0,1,-18.0,1,0.0,1,
1019,-37.0,1,45.0,1,-45.0,1,
1020,0.0,3,45.0,1,
1021,-37.0,1,-27.0,1,45.0,1,
1022,0.0,1,-45.0,1,
1621,-18.0,1,
