4,0.0,1,
5,90.0,5,
6,90.0,6,
7,90.0,4,
8,0.0,1,
10,90.0,1,
11,-79.0,1,-68.0,1,
12,90.0,3,-76.0,1,-81.0,1,
13,-79.0,1,90.0,4,-81.0,1,
14,-72.0,2,81.0,1,90.0,3,
15,-72.0,1,81.0,1,90.0,3,79.0,1,
16,72.0,3,90.0,2,76.0,1,
17,72.0,2,90.0,1,45.0,1,79.0,1,
18,90.0,3,45.0,1,
19,72.0,1,
20,45.0,1,
2101,90.0,1,59.0,1,
2102,72.0,1,45.0,1,
2105,-72.0,1,90.0,1,
2106,-63.0,1,45.0,1,
2109,59.0,1,
2110,90.0,1,45.0,1,
2111,90.0,1,63.0,1,
2112,90.0,2,
2113,90.0,2,
2114,90.0,1,
2115,90.0,1,
2117,90.0,1,
2118,90.0,1,
2119,90.0,1,
2120,-63.0,1,
104,0.0,1,
105,0.0,4,
106,0.0,3,
107,0.0,3,
108,0.0,1,
109,45.0,1,
110,-56.0,1,-63.0,1,
111,90.0,1,45.0,2,-59.0,1,
112,90.0,1,45.0,2,
113,90.0,1,
116,45.0,1,
117,59.0,1,68.0,1,
118,56.0,1,90.0,1,76.0,1,45.0,2,
119,72.0,2,56.0,1,
120,90.0,2,45.0,1,
121,72.0,1,
2202,76.0,1,
2203,90.0,2,
2204,90.0,2,
2205,90.0,2,
2210,63.0,1,
2211,45.0,1,79.0,1,
2212,72.0,1,45.0,1,
2213,72.0,1,
2214,90.0,1,
2215,90.0,2,
2216,90.0,1,-76.0,1,
2217,-72.0,2,
2218,90.0,1,
2219,45.0,1,
204,0.0,1,
205,0.0,4,
206,0.0,3,
207,0.0,3,
208,0.0,1,
209,0.0,1,45.0,1,
210,0.0,1,45.0,3,
211,0.0,1,45.0,2,
212,90.0,1,
218,53.0,1,63.0,1,
219,90.0,1,45.0,2,
220,56.0,1,45.0,1,63.0,1,
221,45.0,2,
222,56.0,1,
223,45.0,1,
2312,90.0,1,
2313,90.0,1,
2314,90.0,1,
2315,90.0,1,
304,0.0,1,
305,0.0,4,
306,0.0,3,
307,0.0,3,
308,0.0,1,45.0,1,
309,0.0,1,-45.0,1,
310,0.0,1,-45.0,2,
311,0.0,1,-63.0,1,45.0,1,
312,-79.0,1,-68.0,1,45.0,1,
313,-72.0,1,-63.0,1,90.0,2,-79.0,1,
314,-72.0,1,90.0,4,79.0,1,
315,81.0,1,90.0,3,79.0,2,
316,72.0,3,90.0,1,79.0,1,63.0,1,
317,72.0,2,90.0,2,
318,72.0,1,90.0,2,
319,90.0,1,45.0,1,63.0,1,
320,90.0,1,45.0,1,
321,45.0,2,63.0,1,
322,45.0,2,
323,45.0,1,
404,0.0,1,
405,0.0,4,
406,0.0,3,
407,0.0,3,
408,0.0,2,
409,-45.0,2,
410,0.0,3,
411,0.0,2,45.0,1,
412,0.0,1,-53.0,1,45.0,1,
413,45.0,1,
414,45.0,1,
416,63.0,1,
417,56.0,1,72.0,1,63.0,1,
418,90.0,3,63.0,1,
419,72.0,1,90.0,1,-45.0,1,63.0,1,
420,56.0,1,-45.0,1,
421,45.0,2,
422,-45.0,1,45.0,1,
424,45.0,1,
504,0.0,1,
505,0.0,4,
506,0.0,3,
507,0.0,3,
508,0.0,2,
509,0.0,2,
510,0.0,2,27.0,1,45.0,1,
511,0.0,2,45.0,1,
512,0.0,3,
513,0.0,1,
517,45.0,1,
518,45.0,2,63.0,1,
519,0.0,1,-45.0,1,45.0,1,53.0,1,
520,45.0,3,
521,-45.0,2,45.0,1,63.0,1,
522,0.0,1,45.0,1,
523,45.0,1,
524,45.0,1,
604,0.0,1,
605,0.0,4,
606,0.0,3,
607,0.0,3,
608,0.0,2,
609,0.0,1,45.0,1,
610,0.0,2,27.0,1,45.0,1,
611,0.0,2,45.0,1,37.0,1,
612,27.0,1,45.0,2,
613,27.0,1,
618,72.0,1,
619,90.0,1,45.0,2,
620,68.0,1,45.0,2,
621,90.0,1,-45.0,1,45.0,1,
622,45.0,1,
623,45.0,1,
704,0.0,1,
705,0.0,4,
706,0.0,3,
707,0.0,3,
708,0.0,1,
709,27.0,3,
710,27.0,1,45.0,1,
711,0.0,1,45.0,2,
712,59.0,1,45.0,4,
713,45.0,3,
714,45.0,1,
720,90.0,1,
723,45.0,1,
804,0.0,1,
805,0.0,4,
806,0.0,3,
807,0.0,3,
808,0.0,1,
809,34.0,1,27.0,1,45.0,1,
810,27.0,1,45.0,3,
811,27.0,1,45.0,1,
812,45.0,2,63.0,1,
813,72.0,1,90.0,2,63.0,1,79.0,1,
814,72.0,3,45.0,2,
815,90.0,3,45.0,1,
904,0.0,1,
905,0.0,4,
906,0.0,3,
907,0.0,3,
908,0.0,1,
909,45.0,1,
910,56.0,1,34.0,1,53.0,1,
911,0.0,1,56.0,1,90.0,1,45.0,1,
912,45.0,1,
913,63.0,1,
914,68.0,1,76.0,1,
915,76.0,1,90.0,3,68.0,1,63.0,1,
916,72.0,3,45.0,1,63.0,1,
917,72.0,2,90.0,1,
1004,0.0,1,
1005,0.0,4,
1006,0.0,2,27.0,1,
1007,0.0,3,
1008,0.0,1,
1010,45.0,2,
1011,56.0,1,63.0,2,
1012,56.0,2,76.0,1,63.0,1,
1013,45.0,3,
1015,90.0,1,
1016,68.0,1,63.0,1,
1017,72.0,1,51.0,1,45.0,2,
1018,72.0,2,56.0,1,
1019,72.0,1,45.0,2,
1104,0.0,1,
1105,0.0,4,
1106,0.0,3,
1107,0.0,3,27.0,1,
1108,27.0,1,
1111,45.0,2,
1112,90.0,1,68.0,1,63.0,1,
1113,72.0,1,90.0,1,79.0,1,63.0,2,
1114,72.0,2,81.0,1,90.0,1,45.0,1,
1115,90.0,3,
1117,90.0,1,45.0,2,
1118,56.0,1,37.0,1,
1119,45.0,1,63.0,1,
1120,56.0,1,45.0,1,
1204,0.0,1,
1205,0.0,4,
1206,0.0,2,
1207,0.0,3,27.0,1,45.0,1,
1208,0.0,1,45.0,1,
1212,45.0,1,
1213,68.0,1,
1214,90.0,2,76.0,1,
1215,72.0,2,56.0,1,90.0,1,
1216,72.0,2,90.0,1,45.0,1,
1217,0.0,1,63.0,2,
1218,34.0,1,90.0,1,45.0,1,
1219,45.0,1,
1220,27.0,1,45.0,1,
1221,63.0,1,
1304,0.0,1,
1305,0.0,4,
1306,0.0,1,
1307,34.0,1,18.0,1,37.0,1,
1308,0.0,1,27.0,1,45.0,1,
1314,90.0,1,
1315,45.0,1,79.0,1,
1316,63.0,1,45.0,1,37.0,1,
1317,90.0,1,45.0,2,
1318,72.0,1,27.0,1,45.0,3,
1319,34.0,1,45.0,1,
1320,45.0,2,
1321,45.0,1,
1322,45.0,1,
1404,0.0,1,
1405,0.0,4,
1406,0.0,1,
1407,34.0,1,27.0,1,
1408,0.0,1,27.0,1,45.0,2,37.0,1,
1409,45.0,1,
1416,0.0,1,-45.0,1,45.0,1,
1417,45.0,1,
1418,0.0,4,
1419,45.0,2,
1420,0.0,3,
1422,27.0,1,
1500,45.0,1,
1501,72.0,1,
1504,0.0,2,
1505,0.0,4,
1506,0.0,1,45.0,1,
1508,34.0,1,45.0,2,
1509,45.0,4,
1516,-45.0,2,
1517,45.0,1,
1518,0.0,2,-45.0,2,45.0,1,
1520,0.0,3,27.0,1,
1522,0.0,1,
1600,45.0,4,
1601,72.0,2,53.0,1,63.0,1,
1602,45.0,1,63.0,1,
1604,90.0,1,-45.0,1,
1605,0.0,1,-45.0,2,
1606,0.0,1,90.0,1,-27.0,1,
1607,90.0,1,34.0,1,45.0,1,
1608,45.0,2,
1609,56.0,2,45.0,4,
1610,68.0,1,45.0,1,63.0,2,
1614,90.0,1,
1615,-63.0,1,45.0,1,
1616,45.0,1,
1617,90.0,1,45.0,2,
1618,0.0,1,45.0,1,-34.0,1,-27.0,1,
1620,0.0,4,
1622,0.0,1,
1700,0.0,1,45.0,2,37.0,1,
1701,90.0,2,45.0,1,
1702,56.0,1,90.0,1,68.0,1,63.0,1,
1703,-79.0,1,90.0,3,
1704,90.0,2,45.0,1,
1705,-45.0,1,45.0,2,
1706,0.0,1,-72.0,1,-45.0,1,
1707,-56.0,1,90.0,1,45.0,2,
1708,45.0,3,
1709,45.0,2,
1710,68.0,1,45.0,4,
1711,56.0,1,72.0,1,90.0,1,45.0,1,81.0,1,
1712,81.0,1,90.0,2,
1713,90.0,1,-81.0,1,
1714,-76.0,1,-68.0,1,
1715,90.0,2,
1716,90.0,2,
1717,0.0,1,-45.0,1,45.0,3,
1718,0.0,1,45.0,1,
1719,-45.0,1,45.0,1,
1720,0.0,2,-45.0,1,
1722,-45.0,1,
1800,45.0,5,63.0,1,
1801,56.0,1,45.0,2,
1802,56.0,1,90.0,1,
1803,90.0,1,
1804,45.0,2,
1805,-63.0,1,45.0,3,
1806,0.0,1,45.0,3,
1807,72.0,1,45.0,3,
1808,72.0,1,59.0,1,45.0,3,
1809,45.0,4,
1810,63.0,1,
1811,90.0,1,63.0,1,
1812,90.0,3,
1813,90.0,3,
1814,90.0,2,
1815,90.0,1,
1816,90.0,1,45.0,1,
1817,-63.0,1,-45.0,1,-53.0,1,
1818,90.0,1,
1819,0.0,1,90.0,2,45.0,1,
1820,0.0,1,45.0,1,
1822,-45.0,1,
1900,0.0,1,45.0,2,
1901,56.0,1,72.0,1,68.0,1,63.0,1,
1902,72.0,2,90.0,1,45.0,1,
1903,72.0,1,90.0,2,
1904,-63.0,1,90.0,1,45.0,1,-81.0,1,
1905,-56.0,1,90.0,2,45.0,2,
1906,45.0,3,
1907,0.0,1,79.0,1,
1908,90.0,1,45.0,1,63.0,1,
1909,90.0,1,68.0,1,45.0,1,63.0,2,
1910,81.0,1,90.0,2,45.0,1,
1911,68.0,1,
1912,90.0,1,79.0,1,
1913,72.0,1,90.0,1,
1914,72.0,1,90.0,1,
1915,-79.0,1,90.0,1,-81.0,1,
1916,-72.0,2,-63.0,1,-68.0,1,
1917,-72.0,1,45.0,2,
1918,-63.0,1,45.0,2,
1919,-45.0,1,45.0,1,
1921,45.0,1,
1922,45.0,1,
2000,45.0,1,53.0,1,
2001,45.0,1,
2002,90.0,1,79.0,1,63.0,1,
2003,90.0,3,
2004,90.0,2,-76.0,1,
2005,90.0,1,45.0,1,
2006,45.0,1,
2007,45.0,1,
2008,45.0,1,
2009,72.0,1,45.0,1,
2010,90.0,2,45.0,1,79.0,1,
2011,72.0,2,81.0,1,90.0,1,
2012,90.0,3,
2013,90.0,3,
2014,-79.0,1,90.0,2,
2015,90.0,1,-68.0,1,
2016,-72.0,1,90.0,1,
2017,-72.0,1,-63.0,1,
2018,90.0,2,
2019,45.0,1,
2020,45.0,1,
2021,45.0,1,
