2,-56.0,1,90.0,2,45.0,3,
3,-72.0,1,-63.0,3,90.0,2,
4,90.0,6,
5,90.0,6,
6,90.0,2,76.0,1,63.0,3,
7,56.0,1,72.0,1,90.0,1,63.0,3,
8,72.0,1,45.0,2,63.0,2,
9,90.0,1,45.0,1,
11,-63.0,1,45.0,1,
12,-63.0,1,90.0,2,-76.0,1,45.0,1,
13,-72.0,1,-63.0,1,90.0,4,
14,-72.0,1,-63.0,1,90.0,4,
15,72.0,1,-72.0,1,90.0,4,
16,90.0,3,76.0,1,63.0,2,
17,72.0,1,56.0,1,90.0,1,45.0,1,63.0,2,
18,72.0,1,90.0,1,63.0,1,
19,56.0,1,63.0,1,
20,45.0,1,
2101,45.0,2,
2105,90.0,2,63.0,1,
2106,72.0,1,63.0,2,
2107,72.0,1,90.0,1,63.0,1,
2108,72.0,1,90.0,1,
2109,90.0,2,
2110,90.0,2,
2111,90.0,2,
2112,90.0,2,
2113,90.0,3,
2114,-72.0,1,-63.0,2,
2115,90.0,2,
2116,-72.0,1,
2117,-72.0,1,
2118,45.0,1,
2119,45.0,2,
2120,45.0,1,
101,0.0,3,45.0,3,
102,90.0,2,45.0,3,
108,45.0,2,63.0,2,
109,45.0,6,
110,0.0,1,45.0,4,
111,-63.0,1,45.0,4,
112,-63.0,1,45.0,2,
117,45.0,2,
118,45.0,3,63.0,1,
119,45.0,2,
120,45.0,2,
121,45.0,2,
2202,45.0,1,63.0,1,
2203,45.0,1,
2208,90.0,1,
2209,90.0,1,
2210,90.0,1,
2211,90.0,1,
2212,90.0,1,
2217,90.0,1,
2218,90.0,1,45.0,1,
2219,45.0,1,
200,-45.0,3,45.0,1,-34.0,1,
201,0.0,2,45.0,3,
203,45.0,1,
204,-72.0,1,-76.0,1,45.0,2,
205,-72.0,1,90.0,3,
206,72.0,1,90.0,2,76.0,1,
207,90.0,2,45.0,2,
209,90.0,1,27.0,1,45.0,2,
210,-63.0,1,90.0,1,-45.0,1,45.0,2,
211,-63.0,1,45.0,1,
212,45.0,1,
213,-72.0,1,90.0,1,
214,90.0,2,45.0,1,
215,72.0,1,-63.0,1,90.0,1,53.0,1,
216,90.0,2,63.0,1,
217,72.0,1,63.0,1,
218,45.0,1,
219,27.0,2,45.0,2,
220,27.0,1,
221,27.0,1,45.0,1,
222,0.0,1,
2303,90.0,1,63.0,1,
2304,63.0,2,
2305,45.0,1,
2315,90.0,1,
2316,-63.0,1,90.0,1,
2317,90.0,1,45.0,1,
300,0.0,2,-45.0,2,-27.0,1,-18.0,1,
302,-45.0,1,
303,0.0,1,45.0,5,
304,-63.0,2,90.0,1,45.0,1,
305,90.0,2,
306,63.0,2,
307,90.0,1,45.0,4,63.0,1,
308,56.0,1,45.0,3,
309,45.0,2,
311,0.0,1,
312,45.0,3,
313,-63.0,1,90.0,1,45.0,3,
314,-63.0,1,90.0,1,45.0,2,
315,90.0,2,45.0,1,
316,37.0,1,45.0,2,63.0,1,
317,34.0,1,
318,45.0,2,
319,0.0,1,45.0,1,
320,27.0,1,45.0,2,
322,0.0,1,18.0,1,
2405,90.0,1,63.0,1,
2406,63.0,2,
2407,90.0,2,
2408,90.0,2,
2409,90.0,1,
2410,90.0,1,
2411,90.0,1,
2412,90.0,2,
2413,90.0,2,
2414,-63.0,2,
2415,-63.0,1,45.0,1,
2416,45.0,1,
400,0.0,6,
402,0.0,3,-45.0,1,45.0,2,
403,0.0,1,45.0,3,
407,45.0,2,
408,27.0,1,45.0,3,
409,0.0,1,27.0,1,37.0,1,
411,0.0,1,-45.0,1,
412,0.0,2,-45.0,2,
413,-45.0,1,45.0,1,
416,0.0,1,45.0,1,
417,0.0,2,27.0,1,45.0,1,
419,0.0,2,27.0,1,
420,0.0,1,27.0,2,
422,0.0,1,27.0,1,
2508,45.0,1,
2509,90.0,1,
2510,90.0,1,
2511,90.0,1,
2512,45.0,1,
500,0.0,6,
502,0.0,3,-45.0,1,14.0,2,
508,0.0,1,45.0,2,
509,0.0,2,56.0,1,90.0,1,45.0,1,
510,56.0,1,90.0,3,
511,-72.0,1,0.0,1,90.0,2,-45.0,1,45.0,1,
512,0.0,1,-56.0,1,90.0,1,
513,45.0,1,
516,-27.0,1,
517,0.0,3,-18.0,1,
519,0.0,2,-45.0,1,
520,0.0,3,
522,0.0,2,
600,0.0,3,18.0,1,27.0,1,22.0,1,
602,0.0,3,45.0,3,
603,34.0,1,27.0,1,45.0,2,
608,45.0,1,
609,45.0,1,63.0,1,
610,90.0,2,
611,-63.0,1,-45.0,1,
615,90.0,1,
616,-45.0,1,45.0,1,
617,0.0,2,-45.0,1,
618,-45.0,1,
619,-45.0,1,45.0,1,-27.0,1,
620,0.0,2,-27.0,1,
622,-45.0,1,-27.0,1,
700,0.0,2,34.0,1,27.0,2,18.0,1,
701,45.0,2,
702,0.0,1,27.0,1,
703,27.0,1,45.0,3,
704,56.0,1,63.0,3,
705,90.0,1,76.0,1,63.0,1,
715,56.0,1,
716,45.0,2,
717,90.0,1,-45.0,2,45.0,1,
718,-45.0,1,45.0,2,
719,45.0,2,
720,0.0,3,
721,-45.0,1,
722,-45.0,1,
800,27.0,1,45.0,2,
801,34.0,1,27.0,1,45.0,2,
802,90.0,1,45.0,1,
803,45.0,2,
804,45.0,1,
805,72.0,1,45.0,2,
806,72.0,2,76.0,1,63.0,1,
807,72.0,1,76.0,1,45.0,1,63.0,1,
808,90.0,3,
809,90.0,2,
810,45.0,1,
816,90.0,1,45.0,1,63.0,1,
817,0.0,1,56.0,1,90.0,1,45.0,1,
818,90.0,1,45.0,2,63.0,1,
819,45.0,2,63.0,1,
820,0.0,1,90.0,1,-45.0,1,
821,-45.0,1,45.0,1,
900,0.0,1,45.0,1,
901,27.0,1,45.0,1,
902,-45.0,1,63.0,3,
903,45.0,3,
904,63.0,2,
905,90.0,2,
907,90.0,1,
908,0.0,1,72.0,1,
909,0.0,1,90.0,1,
910,0.0,1,90.0,1,
915,45.0,1,
916,45.0,1,63.0,1,
919,56.0,1,45.0,2,
920,-63.0,1,45.0,1,
1001,0.0,1,45.0,4,
1002,90.0,2,45.0,1,
1003,45.0,2,
1005,90.0,1,45.0,2,
1006,90.0,1,-76.0,1,63.0,2,
1007,-72.0,1,90.0,2,-76.0,1,45.0,1,
1008,90.0,4,-76.0,1,
1009,0.0,1,90.0,2,-27.0,1,
1010,0.0,2,
1012,90.0,1,
1013,-76.0,1,45.0,1,
1014,90.0,2,
1015,90.0,2,
1016,90.0,2,76.0,1,
1017,90.0,1,45.0,3,63.0,1,
1018,90.0,1,45.0,1,
1019,90.0,1,
1100,0.0,2,-45.0,1,
1101,0.0,1,45.0,2,
1102,45.0,1,63.0,2,
1103,45.0,3,
1104,-63.0,1,45.0,2,
1105,-63.0,1,90.0,1,45.0,1,
1106,90.0,2,
1107,90.0,2,
1108,90.0,1,
1109,0.0,2,-72.0,1,
1110,-45.0,1,
1111,-53.0,1,45.0,1,
1112,-63.0,1,45.0,1,
1113,-63.0,2,
1114,90.0,1,
1115,90.0,2,
1116,90.0,1,
1117,56.0,1,90.0,3,
1118,72.0,1,90.0,2,45.0,1,
1119,45.0,2,63.0,1,
1120,45.0,1,
1200,-45.0,1,-27.0,3,
1201,0.0,1,45.0,1,
1202,-63.0,1,90.0,1,-45.0,1,
1203,-45.0,1,45.0,3,
1204,90.0,1,45.0,2,
1205,-63.0,1,
1206,-72.0,1,
1209,0.0,2,
1210,-34.0,1,
1211,0.0,1,
1212,-45.0,1,
1213,-63.0,1,
1214,-72.0,1,90.0,1,
1215,45.0,1,
1218,45.0,1,
1219,34.0,1,45.0,1,63.0,1,
1220,56.0,1,27.0,1,45.0,1,
1221,45.0,2,
1300,0.0,4,45.0,1,
1301,45.0,2,
1302,0.0,2,-27.0,1,
1303,0.0,2,
1304,45.0,1,
1305,90.0,1,45.0,1,
1306,90.0,2,
1307,90.0,2,
1308,90.0,2,
1309,90.0,1,45.0,1,
1310,-45.0,1,-27.0,1,
1311,-27.0,1,
1312,-45.0,1,45.0,2,
1313,-56.0,1,-63.0,1,90.0,1,45.0,1,
1314,-72.0,1,-63.0,1,90.0,2,
1315,72.0,1,90.0,3,45.0,1,
1316,72.0,1,90.0,3,45.0,1,
1317,90.0,1,45.0,1,63.0,2,
1318,45.0,1,
1319,14.0,1,
1320,27.0,1,
1321,45.0,2,
1322,0.0,1,27.0,1,
1400,0.0,6,
1401,45.0,1,
1402,0.0,2,14.0,2,
1403,0.0,1,45.0,1,
1404,90.0,2,
1405,90.0,1,
1410,0.0,2,
1411,0.0,1,45.0,1,-27.0,1,
1412,0.0,1,45.0,3,
1413,-45.0,1,45.0,1,
1414,0.0,1,
1415,45.0,1,
1416,0.0,1,-72.0,1,
1417,0.0,1,72.0,1,45.0,1,
1418,56.0,1,45.0,1,63.0,2,
1419,0.0,1,27.0,1,45.0,2,
1420,0.0,1,
1422,0.0,1,27.0,1,
1500,0.0,3,27.0,2,-45.0,1,
1502,0.0,2,45.0,3,
1503,34.0,1,27.0,1,45.0,3,
1510,18.0,1,45.0,1,22.0,1,
1511,0.0,2,45.0,3,
1512,-53.0,1,
1513,34.0,1,
1514,18.0,1,-45.0,1,
1515,45.0,1,
1516,-45.0,1,
1517,-45.0,1,
1518,45.0,1,
1519,0.0,1,34.0,1,-45.0,1,45.0,2,
1520,45.0,1,-18.0,1,
1522,0.0,2,
1600,0.0,2,27.0,2,45.0,1,14.0,1,
1601,45.0,2,
1602,0.0,2,45.0,1,
1603,27.0,1,45.0,4,
1604,56.0,1,45.0,1,53.0,1,
1605,45.0,1,63.0,2,
1606,45.0,1,
1610,0.0,2,45.0,2,
1611,0.0,2,72.0,1,45.0,1,-63.0,1,
1612,-72.0,1,90.0,1,
1613,-63.0,1,45.0,2,
1614,-72.0,1,-63.0,1,90.0,2,18.0,1,
1615,-56.0,1,90.0,3,
1616,-56.0,1,63.0,2,
1617,45.0,2,
1618,90.0,1,45.0,1,
1619,-27.0,1,-34.0,1,
1620,27.0,1,45.0,1,-45.0,1,
1621,45.0,1,
1622,0.0,2,
1700,0.0,2,27.0,1,
1701,34.0,1,45.0,2,
1702,0.0,2,45.0,1,63.0,1,
1703,45.0,1,
1704,56.0,1,
1705,90.0,1,45.0,1,
1706,72.0,2,90.0,1,
1707,72.0,1,90.0,1,76.0,1,
1708,72.0,1,90.0,2,
1709,90.0,3,
1710,0.0,2,90.0,2,
1711,90.0,2,45.0,1,
1712,0.0,1,90.0,1,-76.0,1,45.0,2,
1713,-72.0,2,90.0,2,45.0,2,
1714,-72.0,2,90.0,1,
1715,90.0,1,45.0,1,
1716,90.0,1,
1717,45.0,4,
1718,-56.0,1,45.0,2,
1719,-45.0,1,45.0,1,
1720,0.0,2,45.0,1,
1721,45.0,1,
1722,-18.0,1,
1800,0.0,2,45.0,1,
1801,34.0,1,
1802,27.0,1,45.0,3,63.0,1,
1803,72.0,1,53.0,1,63.0,1,
1804,45.0,1,63.0,1,
1805,56.0,1,
1806,72.0,1,
1807,90.0,1,
1810,0.0,2,90.0,1,
1811,90.0,1,
1812,0.0,1,90.0,2,
1813,0.0,1,
1815,90.0,2,
1816,-72.0,1,-63.0,1,
1817,0.0,2,-63.0,1,90.0,1,-56.0,1,
1818,45.0,1,
1819,-63.0,1,
1820,0.0,2,45.0,1,
1821,-45.0,1,
1822,45.0,1,
1900,27.0,1,45.0,1,
1901,45.0,1,
1902,45.0,1,
1903,27.0,2,45.0,1,
1904,90.0,1,63.0,2,
1905,72.0,1,76.0,1,63.0,1,
1906,90.0,2,76.0,1,
1907,90.0,1,76.0,1,45.0,1,
1908,90.0,1,76.0,1,45.0,1,
1909,90.0,2,
1910,0.0,1,90.0,2,27.0,1,
1911,90.0,1,-76.0,1,
1912,90.0,3,45.0,1,
1913,0.0,1,90.0,3,45.0,1,
1914,-72.0,1,90.0,1,-76.0,1,
1915,90.0,2,45.0,1,
1916,-72.0,1,90.0,1,45.0,1,
1917,90.0,1,45.0,2,
1918,-63.0,1,
1920,0.0,1,90.0,1,-45.0,1,
1921,45.0,1,
2000,45.0,2,
2003,45.0,2,63.0,1,
2004,56.0,1,45.0,1,63.0,1,
2005,45.0,2,
2007,90.0,1,
2008,90.0,1,63.0,1,
2009,90.0,2,
2010,90.0,2,45.0,1,
2011,90.0,3,63.0,1,
2012,-63.0,1,90.0,2,45.0,1,
2013,90.0,1,
2014,90.0,1,
2015,90.0,2,
2016,45.0,2,
2018,-72.0,1,
2019,0.0,1,-63.0,1,
2020,-45.0,1,45.0,1,
