1,45.0,1,
2,-56.0,1,-63.0,3,45.0,2,
3,-72.0,1,-63.0,1,90.0,3,-76.0,1,
4,90.0,5,-76.0,1,
5,-63.0,1,90.0,5,
6,72.0,1,90.0,1,76.0,2,63.0,2,
7,72.0,1,53.0,1,63.0,4,
8,56.0,1,53.0,1,45.0,2,63.0,2,
9,90.0,1,45.0,3,
10,45.0,1,
2101,45.0,1,39.0,1,
2102,56.0,1,45.0,1,
2103,63.0,2,
2104,63.0,1,
2105,90.0,1,
2106,90.0,1,
2107,90.0,1,45.0,1,
2108,-63.0,1,90.0,1,45.0,1,
2109,90.0,1,-45.0,1,45.0,1,
100,45.0,4,
101,0.0,4,-45.0,1,45.0,1,
102,45.0,3,
104,90.0,1,45.0,1,
105,90.0,3,
106,90.0,3,
108,45.0,1,
109,0.0,1,90.0,1,45.0,2,53.0,1,
110,0.0,1,45.0,3,
111,45.0,1,
2202,63.0,1,
2203,45.0,1,63.0,1,
2204,72.0,1,76.0,1,
2205,90.0,2,
2206,90.0,2,
2207,90.0,1,-76.0,1,
2208,-63.0,1,
200,-45.0,1,-27.0,3,-34.0,2,
202,45.0,2,
203,-53.0,2,45.0,4,
204,-72.0,2,-63.0,1,90.0,2,45.0,1,
205,-72.0,1,90.0,2,45.0,1,
206,72.0,1,76.0,1,45.0,3,63.0,1,
207,56.0,1,90.0,2,53.0,1,63.0,2,
208,72.0,1,90.0,1,-53.0,1,45.0,1,63.0,2,
209,0.0,3,90.0,1,45.0,1,
210,45.0,1,
213,90.0,1,
214,90.0,1,
215,90.0,2,45.0,1,
216,90.0,2,
217,45.0,2,
300,0.0,5,-45.0,1,
302,0.0,2,-45.0,1,-27.0,3,
303,0.0,2,45.0,1,
311,0.0,1,
312,-56.0,1,
313,-56.0,1,90.0,1,45.0,3,
314,-63.0,2,-76.0,1,45.0,2,
315,72.0,1,-72.0,1,90.0,1,45.0,2,
316,-63.0,1,90.0,1,76.0,1,53.0,1,
317,72.0,1,90.0,3,53.0,1,
318,90.0,1,45.0,3,63.0,1,
319,45.0,2,63.0,1,
320,45.0,1,
400,0.0,6,
402,0.0,3,18.0,1,27.0,1,14.0,1,
403,45.0,1,
411,-34.0,1,
412,0.0,1,-45.0,1,-34.0,1,-37.0,1,
413,0.0,2,-45.0,1,45.0,1,
414,0.0,1,90.0,1,
415,-63.0,1,45.0,1,
416,63.0,2,
417,90.0,1,31.0,1,
418,37.0,1,
419,27.0,1,45.0,2,37.0,1,
420,0.0,1,45.0,1,
421,34.0,1,
500,18.0,1,27.0,3,34.0,1,14.0,1,
502,0.0,1,18.0,1,45.0,1,
503,34.0,2,45.0,3,53.0,1,
504,45.0,1,63.0,2,
505,45.0,1,
510,-27.0,1,
511,0.0,1,-45.0,1,
512,0.0,2,-45.0,1,45.0,1,-27.0,1,
513,-45.0,1,-27.0,1,
514,0.0,1,-45.0,1,45.0,2,
515,0.0,1,27.0,1,-76.0,1,45.0,1,
516,0.0,1,90.0,1,34.0,1,
517,0.0,1,34.0,1,27.0,1,18.0,1,45.0,1,
518,0.0,1,45.0,1,
519,34.0,1,
520,18.0,1,27.0,1,14.0,1,
521,0.0,1,
522,0.0,1,
600,0.0,1,27.0,2,45.0,1,
601,45.0,6,
602,45.0,2,
603,45.0,1,63.0,1,
604,56.0,1,90.0,1,76.0,1,63.0,1,
605,72.0,1,90.0,3,76.0,1,63.0,1,
606,72.0,1,90.0,3,63.0,2,
607,90.0,6,
608,0.0,1,90.0,3,45.0,1,
609,0.0,1,
610,0.0,1,
611,0.0,2,
612,0.0,3,-27.0,1,
613,0.0,2,
614,0.0,3,-27.0,1,
615,27.0,1,-18.0,1,
616,18.0,1,
617,0.0,2,18.0,1,
618,45.0,1,
619,0.0,1,11.0,1,
620,0.0,2,18.0,1,
622,45.0,1,
700,45.0,1,
701,0.0,1,-63.0,1,45.0,4,
702,45.0,5,63.0,1,
704,90.0,1,45.0,1,
705,90.0,3,
706,-63.0,1,90.0,2,
707,90.0,2,-22.0,1,
708,0.0,3,-27.0,1,
709,0.0,1,
710,0.0,1,
711,0.0,3,
712,0.0,2,11.0,1,45.0,1,
713,-27.0,1,
714,18.0,1,-45.0,1,14.0,1,
715,0.0,1,14.0,1,
716,45.0,1,
717,0.0,4,
718,0.0,1,
719,0.0,2,
720,0.0,3,
722,0.0,1,
800,0.0,1,-45.0,2,-27.0,1,-34.0,1,45.0,1,
801,45.0,3,
802,45.0,2,
803,0.0,2,-56.0,1,
804,-63.0,1,90.0,2,-76.0,1,45.0,2,
805,-72.0,1,90.0,2,-76.0,1,
806,90.0,3,
807,90.0,3,
808,0.0,1,-63.0,1,90.0,1,
809,0.0,1,
810,18.0,1,
811,0.0,1,18.0,1,45.0,1,
812,0.0,4,14.0,1,
813,0.0,2,18.0,1,
814,0.0,2,45.0,1,14.0,1,
815,0.0,2,-14.0,1,27.0,1,
816,0.0,2,
817,0.0,2,-45.0,2,45.0,1,
818,0.0,1,
819,0.0,1,45.0,1,-11.0,1,
820,0.0,2,-14.0,1,
822,-27.0,1,
900,0.0,4,-27.0,2,
902,0.0,1,-45.0,1,45.0,3,-34.0,1,
903,0.0,1,45.0,2,
904,90.0,1,45.0,1,
910,45.0,1,
911,0.0,1,14.0,1,
912,34.0,1,27.0,1,18.0,1,
913,27.0,1,45.0,1,22.0,1,
914,27.0,1,-76.0,1,45.0,1,
915,18.0,1,-45.0,1,45.0,2,
916,-22.0,1,90.0,1,34.0,1,-34.0,1,
917,0.0,1,-27.0,1,-18.0,1,
918,-27.0,1,
919,-18.0,1,-45.0,1,45.0,1,-34.0,1,
920,0.0,1,-18.0,1,
921,0.0,1,
922,0.0,1,
1000,0.0,6,
1002,0.0,1,-27.0,1,11.0,1,45.0,1,-45.0,1,27.0,1,
1003,45.0,2,
1011,27.0,1,45.0,1,
1012,34.0,1,27.0,1,
1013,0.0,1,34.0,1,27.0,1,
1014,0.0,1,90.0,1,45.0,2,
1015,27.0,1,53.0,1,
1016,90.0,1,45.0,1,-34.0,1,
1017,0.0,1,34.0,1,-45.0,1,45.0,1,
1018,0.0,2,-45.0,2,
1019,-45.0,1,45.0,1,-27.0,1,
1020,0.0,1,45.0,1,
1021,-45.0,1,
1100,0.0,3,18.0,1,34.0,1,22.0,1,
1102,0.0,1,18.0,1,11.0,1,45.0,1,
1103,45.0,5,
1104,63.0,2,
1105,90.0,1,63.0,1,
1106,45.0,1,
1110,90.0,1,
1111,90.0,3,
1112,90.0,2,27.0,1,31.0,1,
1113,-63.0,1,45.0,1,31.0,1,
1114,27.0,1,45.0,1,
1115,0.0,1,90.0,1,
1116,45.0,1,
1117,45.0,2,
1118,-37.0,1,45.0,1,63.0,2,
1119,0.0,2,90.0,1,63.0,1,
1120,90.0,1,-45.0,1,63.0,1,
1121,90.0,1,63.0,1,
1122,90.0,2,
1123,45.0,1,
1200,34.0,1,27.0,1,18.0,1,22.0,1,
1201,34.0,1,27.0,1,45.0,2,
1202,0.0,1,45.0,1,63.0,1,
1203,45.0,3,
1204,56.0,1,45.0,2,63.0,1,
1205,76.0,1,45.0,1,63.0,1,
1206,90.0,4,
1207,90.0,3,
1208,90.0,2,-76.0,1,
1209,-63.0,1,90.0,1,-76.0,1,
1210,90.0,1,-76.0,1,
1211,90.0,1,
1212,-72.0,1,90.0,2,
1213,-56.0,1,90.0,1,45.0,1,
1214,0.0,1,-63.0,1,90.0,2,
1215,-63.0,1,90.0,1,
1216,45.0,1,63.0,1,
1217,72.0,1,34.0,1,45.0,2,
1218,34.0,1,76.0,1,63.0,1,
1219,72.0,1,90.0,1,
1220,90.0,2,63.0,1,
1221,90.0,1,
1222,0.0,1,90.0,1,
1223,0.0,1,63.0,1,
1224,90.0,1,
1300,34.0,1,45.0,1,
1301,37.0,1,27.0,1,45.0,3,63.0,1,
1302,-63.0,1,90.0,1,53.0,1,63.0,1,
1303,45.0,2,
1304,56.0,1,
1305,72.0,1,63.0,1,
1306,90.0,2,76.0,1,45.0,1,
1307,72.0,1,90.0,3,45.0,1,
1308,90.0,4,-76.0,1,
1309,90.0,5,
1310,-72.0,1,90.0,3,-76.0,1,
1311,-72.0,1,-63.0,1,90.0,2,45.0,1,
1312,-63.0,1,90.0,2,
1313,-63.0,1,90.0,2,
1314,-63.0,1,76.0,1,45.0,1,
1315,63.0,1,
1316,90.0,1,76.0,1,45.0,1,
1317,90.0,1,45.0,3,
1318,90.0,1,45.0,1,63.0,2,
1319,76.0,1,45.0,1,63.0,2,
1320,0.0,1,90.0,3,63.0,1,
1321,72.0,1,90.0,2,76.0,1,
1322,0.0,1,-63.0,1,90.0,2,
1323,0.0,2,
1324,0.0,1,
1400,0.0,1,-45.0,1,45.0,1,
1401,0.0,1,45.0,4,
1402,56.0,1,90.0,1,45.0,1,63.0,1,
1403,45.0,4,
1404,90.0,2,45.0,1,
1405,-63.0,2,-76.0,1,
1406,90.0,1,-76.0,1,45.0,1,
1407,90.0,2,
1408,90.0,1,
1409,-76.0,1,
1410,-76.0,1,45.0,1,
1411,-72.0,1,90.0,1,
1412,90.0,1,
1413,90.0,3,
1414,-63.0,1,90.0,2,
1415,-63.0,1,90.0,1,-76.0,1,
1416,45.0,2,63.0,1,
1417,56.0,1,72.0,1,90.0,1,
1418,72.0,1,76.0,1,
1419,72.0,1,90.0,2,
1420,90.0,1,63.0,1,
1421,90.0,1,
1422,0.0,1,90.0,1,
1423,0.0,1,90.0,1,
1424,-45.0,1,
1500,0.0,2,-45.0,1,-34.0,1,
1501,-45.0,1,45.0,2,
1502,0.0,1,-63.0,1,-45.0,1,45.0,1,-72.0,1,
1503,45.0,4,
1504,45.0,2,
1505,-63.0,1,90.0,1,45.0,1,
1506,-72.0,1,90.0,2,
1507,90.0,3,
1508,90.0,3,
1509,90.0,3,
1510,90.0,3,
1511,-72.0,1,90.0,1,
1512,-72.0,1,-76.0,1,
1513,90.0,1,45.0,1,
1517,45.0,1,
1518,76.0,1,
1519,76.0,1,
1520,90.0,1,76.0,1,
1521,72.0,1,90.0,1,
1522,0.0,1,90.0,1,
1523,0.0,1,
1600,0.0,3,-45.0,2,-34.0,1,
1601,0.0,1,
1602,0.0,1,18.0,1,-34.0,1,
1603,0.0,1,45.0,2,
1604,-63.0,2,45.0,1,
1605,-72.0,1,
1700,0.0,2,18.0,2,-45.0,1,-27.0,1,
1702,0.0,3,11.0,1,-45.0,2,
1703,0.0,1,45.0,2,63.0,1,
1704,90.0,1,
1706,45.0,1,
1707,-63.0,1,45.0,1,
1708,-63.0,1,90.0,1,
1709,0.0,1,45.0,1,
1800,0.0,5,27.0,1,
1801,27.0,1,45.0,1,
1802,0.0,2,11.0,1,45.0,1,
1803,53.0,1,45.0,1,
1804,90.0,1,76.0,1,45.0,1,
1805,90.0,3,
1806,-63.0,1,90.0,2,
1807,90.0,1,-76.0,1,
1808,34.0,1,
1809,90.0,1,45.0,2,
1810,0.0,1,45.0,1,
1900,9.0,1,18.0,1,45.0,1,22.0,1,
1901,45.0,3,
1902,27.0,1,45.0,2,63.0,1,
1903,45.0,3,63.0,2,
1904,90.0,2,45.0,1,63.0,1,
1905,90.0,1,63.0,1,
1906,-63.0,1,90.0,1,45.0,1,
1907,-63.0,1,90.0,2,45.0,2,
1908,-56.0,1,-63.0,1,90.0,2,-22.0,1,63.0,1,
1909,0.0,1,45.0,4,
1910,45.0,1,
2000,27.0,1,45.0,1,
2001,45.0,3,
2002,63.0,2,
2003,76.0,1,45.0,1,
2004,90.0,2,76.0,1,
2005,90.0,4,
2006,-72.0,1,90.0,2,-76.0,1,
2007,-72.0,1,-63.0,1,90.0,1,
2008,45.0,2,
2009,45.0,3,
2010,90.0,1,45.0,1,
2011,0.0,1,
