512,-63.0,1,90.0,1,45.0,4,
1,45.0,4,
2,-72.0,1,-63.0,3,-56.0,2,
3,-72.0,2,90.0,3,-76.0,1,
4,-63.0,1,90.0,5,
5,90.0,5,76.0,1,
6,72.0,1,56.0,1,90.0,1,63.0,3,
7,56.0,1,90.0,2,45.0,2,63.0,1,
520,0.0,2,27.0,1,14.0,1,
307,45.0,2,
522,0.0,1,45.0,1,
523,0.0,1,
1112,0.0,1,
601,27.0,1,45.0,1,
516,45.0,2,
517,0.0,1,45.0,3,
1416,45.0,4,
1115,90.0,1,45.0,2,
1116,90.0,1,
519,18.0,1,27.0,1,
1214,63.0,1,
1621,45.0,2,
1117,-72.0,1,
8,90.0,1,
1212,0.0,1,
1118,90.0,3,45.0,1,
521,45.0,2,
607,45.0,2,
2109,27.0,1,45.0,3,
2110,45.0,1,
2112,45.0,2,
2113,72.0,1,90.0,1,45.0,1,63.0,1,
2114,72.0,1,90.0,3,
2115,90.0,4,
2116,90.0,3,
2117,-72.0,1,
2118,90.0,1,45.0,1,
2119,-45.0,1,45.0,2,
2120,0.0,1,45.0,1,
1610,90.0,1,
1611,45.0,1,
1612,45.0,1,
1613,45.0,1,
1617,34.0,1,27.0,2,45.0,1,
1618,45.0,1,
1619,0.0,1,-18.0,1,
1620,0.0,2,45.0,2,
821,0.0,2,45.0,1,
1622,0.0,1,
1623,0.0,1,
600,0.0,1,34.0,2,27.0,1,45.0,2,
1113,90.0,3,
1114,0.0,1,-63.0,1,90.0,1,-72.0,1,45.0,1,
603,90.0,2,45.0,2,
604,72.0,1,90.0,3,
605,90.0,4,
606,90.0,4,
1119,56.0,1,45.0,3,
1120,63.0,2,
1121,45.0,1,
610,45.0,6,
611,45.0,5,
100,0.0,1,45.0,4,
101,45.0,6,
617,0.0,2,18.0,1,
618,0.0,2,
107,90.0,2,-45.0,1,-34.0,1,
620,0.0,2,
621,0.0,2,
622,0.0,1,
1213,0.0,3,
112,-63.0,1,90.0,3,45.0,2,
113,-72.0,1,-63.0,2,90.0,2,-76.0,1,
114,-72.0,1,-63.0,1,90.0,4,
115,90.0,6,
116,72.0,1,90.0,3,63.0,2,
117,90.0,4,45.0,1,63.0,1,
118,72.0,1,90.0,1,
119,72.0,1,90.0,1,
703,63.0,1,
704,90.0,1,
619,0.0,2,
1317,45.0,1,
705,90.0,1,
108,90.0,1,-45.0,1,
706,90.0,1,
2413,90.0,2,
708,-63.0,1,90.0,1,45.0,1,
623,0.0,1,
1221,45.0,2,
2209,45.0,1,
2210,45.0,3,63.0,1,
2211,63.0,1,
2212,90.0,1,
1222,0.0,1,
2215,45.0,1,
2216,-76.0,1,
2217,-63.0,1,
2218,-63.0,1,90.0,1,45.0,1,
2219,45.0,3,
1710,18.0,1,45.0,1,
1711,90.0,1,
1712,45.0,1,
1713,45.0,2,
1714,63.0,1,
1715,90.0,1,
1716,90.0,1,
1717,0.0,1,90.0,1,45.0,2,
1718,0.0,2,45.0,2,
1719,-45.0,1,
1720,0.0,2,
1721,0.0,2,-45.0,1,
1722,-27.0,1,45.0,1,
1723,45.0,1,
700,0.0,3,45.0,1,
701,45.0,6,
702,63.0,2,
1215,72.0,1,
1216,72.0,1,0.0,1,
1217,0.0,1,-63.0,2,90.0,1,63.0,2,
1218,90.0,2,45.0,2,
707,-63.0,1,
1220,45.0,1,
709,90.0,3,45.0,3,
710,45.0,4,
801,45.0,4,
200,0.0,1,-45.0,4,-34.0,1,
203,45.0,1,
204,-72.0,1,-63.0,1,90.0,4,
1314,76.0,1,45.0,1,
206,-45.0,1,45.0,1,63.0,2,
205,90.0,2,45.0,4,
720,0.0,2,
721,0.0,2,
210,-63.0,1,90.0,1,45.0,2,
211,-63.0,2,90.0,1,45.0,3,
212,90.0,1,45.0,3,
718,0.0,3,
217,56.0,1,45.0,3,
218,56.0,1,45.0,2,63.0,1,
207,0.0,2,-45.0,2,45.0,1,-34.0,1,
220,56.0,1,45.0,1,
221,45.0,2,
805,90.0,1,
806,-72.0,1,90.0,1,
1319,0.0,1,90.0,1,45.0,3,
722,0.0,2,
723,0.0,1,
2310,45.0,1,
2311,56.0,1,63.0,2,
2312,72.0,1,90.0,1,63.0,2,
2313,90.0,1,76.0,1,
2314,90.0,1,-76.0,1,
2315,90.0,2,
2316,-63.0,1,90.0,2,
2317,-63.0,3,
2318,90.0,1,45.0,1,
2008,45.0,1,
1810,-72.0,1,0.0,1,27.0,1,
1811,63.0,1,
1813,45.0,1,
1814,72.0,1,
1815,90.0,1,
1816,90.0,1,
1817,0.0,1,-72.0,1,-27.0,1,
1818,0.0,2,90.0,1,
1820,0.0,1,-27.0,1,45.0,1,
1821,0.0,2,45.0,1,
1822,-45.0,1,
1312,27.0,1,
1313,90.0,1,34.0,1,45.0,2,
802,90.0,3,45.0,1,63.0,1,
803,72.0,1,45.0,1,
804,72.0,1,
1414,72.0,1,90.0,2,
1318,0.0,1,56.0,1,45.0,2,63.0,2,
807,-72.0,2,90.0,1,45.0,2,
808,-63.0,2,90.0,2,45.0,1,
809,90.0,1,45.0,2,
1322,18.0,1,27.0,1,
1415,72.0,1,53.0,1,63.0,2,
300,0.0,4,-45.0,2,
818,0.0,1,45.0,3,
303,0.0,1,-56.0,1,-45.0,1,45.0,3,
816,45.0,1,
817,0.0,2,-63.0,1,-45.0,1,45.0,1,
306,90.0,4,45.0,1,
819,45.0,2,
820,0.0,2,-45.0,1,45.0,1,
309,45.0,5,
310,-63.0,1,-45.0,1,45.0,4,
311,45.0,1,
111,90.0,1,
314,90.0,1,
315,-63.0,1,90.0,1,
316,90.0,1,63.0,1,
317,90.0,2,
318,45.0,1,
319,45.0,4,
320,45.0,2,
321,45.0,2,
322,27.0,1,45.0,1,
1419,34.0,2,18.0,1,45.0,3,
822,0.0,1,-45.0,1,
2019,-72.0,1,-45.0,1,
609,45.0,1,
717,0.0,1,-45.0,1,
914,90.0,1,
2414,90.0,2,
2415,90.0,2,
2416,90.0,1,45.0,1,
1018,45.0,1,
915,90.0,2,45.0,1,
1909,45.0,1,
1910,-63.0,1,45.0,4,
1911,45.0,5,
1912,63.0,1,
1913,63.0,1,
1914,63.0,1,
1915,90.0,1,
1916,90.0,1,45.0,1,
1917,0.0,1,-63.0,1,-45.0,1,45.0,1,
1918,0.0,1,90.0,1,45.0,1,
1919,-63.0,1,-45.0,1,
1920,0.0,2,-45.0,1,45.0,2,
1921,0.0,2,45.0,1,
1413,45.0,1,
902,90.0,1,45.0,2,
903,72.0,1,90.0,1,63.0,2,
904,90.0,4,
905,90.0,3,-76.0,1,
906,90.0,4,
907,-63.0,1,90.0,1,45.0,1,
1420,45.0,2,
1422,0.0,1,45.0,1,
1423,45.0,1,
400,0.0,6,
408,90.0,1,45.0,5,
402,0.0,4,
403,18.0,1,45.0,2,14.0,1,
916,-63.0,1,90.0,1,45.0,3,
917,-63.0,1,-45.0,1,45.0,2,
921,-45.0,1,45.0,1,
920,-63.0,1,-45.0,3,
409,45.0,6,
922,45.0,1,
412,-63.0,1,45.0,3,
413,-72.0,1,-63.0,2,90.0,2,-76.0,1,
414,-72.0,1,90.0,4,45.0,1,
415,72.0,1,45.0,1,63.0,3,
416,72.0,1,45.0,2,63.0,1,
417,90.0,1,45.0,1,
418,56.0,1,45.0,1,
419,34.0,1,45.0,2,
420,27.0,3,
422,34.0,1,18.0,1,
304,90.0,1,45.0,2,
219,45.0,3,
1012,90.0,1,
502,0.0,2,45.0,2,
503,34.0,1,45.0,5,
305,72.0,1,90.0,3,
504,72.0,1,63.0,1,
919,-45.0,1,
719,-27.0,1,45.0,1,
1418,45.0,1,
2009,-63.0,1,45.0,2,14.0,1,
2010,45.0,2,
2011,45.0,4,
2012,56.0,1,76.0,1,45.0,1,63.0,2,
2013,90.0,2,
2014,90.0,1,
2015,-63.0,1,45.0,1,
2016,-63.0,1,45.0,2,
2017,45.0,3,
2018,90.0,1,
507,-72.0,1,-63.0,2,90.0,3,
2020,0.0,1,90.0,1,-45.0,2,
1020,0.0,1,-63.0,1,45.0,1,
1516,45.0,4,
1517,45.0,3,
1519,0.0,2,27.0,1,
1520,0.0,1,27.0,3,
1522,0.0,1,
1523,0.0,1,
500,0.0,3,18.0,1,45.0,2,
1013,90.0,1,
1014,0.0,1,90.0,1,-76.0,1,45.0,1,
1015,90.0,4,45.0,1,
1016,-63.0,1,45.0,2,
505,90.0,2,
506,90.0,3,
1019,0.0,1,-63.0,1,90.0,1,-45.0,1,45.0,2,
508,90.0,2,45.0,3,
1021,45.0,1,
511,45.0,6,
