512,90.0,1,45.0,1,
513,45.0,2,
514,-56.0,1,-63.0,1,45.0,3,
515,-56.0,1,90.0,1,45.0,1,
517,45.0,1,
518,27.0,1,45.0,2,
7,-72.0,3,-63.0,2,-68.0,1,
8,-79.0,1,90.0,4,-76.0,1,
9,90.0,5,79.0,1,
10,72.0,2,68.0,1,76.0,1,63.0,2,
11,72.0,1,63.0,2,
614,45.0,3,
819,-45.0,2,45.0,1,
719,0.0,2,
6,90.0,2,45.0,1,
519,45.0,2,
922,0.0,1,45.0,1,
605,0.0,2,27.0,1,45.0,2,
206,0.0,3,
520,0.0,1,18.0,1,27.0,1,45.0,1,
606,0.0,1,34.0,1,45.0,1,
521,45.0,1,
607,45.0,1,
522,0.0,1,18.0,1,14.0,1,
2112,27.0,1,45.0,2,
1120,-63.0,1,90.0,1,45.0,1,
2114,90.0,1,45.0,2,
2115,72.0,1,90.0,2,45.0,1,
2116,90.0,3,76.0,1,
2117,90.0,3,
2118,-72.0,1,
2119,45.0,1,
2120,0.0,1,45.0,2,
2121,-45.0,1,45.0,1,
1719,45.0,3,
1613,90.0,1,
1614,-56.0,1,
1615,45.0,1,
1618,27.0,1,45.0,1,-18.0,1,
1619,34.0,1,27.0,1,45.0,1,
1620,0.0,3,45.0,1,
821,0.0,1,45.0,1,
1622,0.0,1,18.0,1,45.0,1,
600,45.0,1,
601,45.0,2,
1114,0.0,1,
1115,90.0,2,
1116,0.0,1,90.0,2,45.0,2,
1117,72.0,1,-72.0,1,45.0,1,
1118,90.0,1,59.0,1,45.0,1,
1119,90.0,1,45.0,2,
608,72.0,2,63.0,2,
609,90.0,4,
610,-63.0,1,90.0,1,-76.0,1,-79.0,1,
611,90.0,1,
612,45.0,1,
101,-63.0,1,90.0,4,45.0,1,
102,-72.0,2,-79.0,1,90.0,2,-76.0,1,
103,72.0,2,90.0,1,76.0,1,79.0,2,
104,90.0,1,45.0,2,63.0,1,
105,-45.0,1,45.0,1,
618,0.0,3,
107,45.0,1,
620,0.0,5,
621,0.0,1,
110,0.0,1,-45.0,1,45.0,1,
111,0.0,2,90.0,1,45.0,1,-34.0,1,
112,0.0,1,
113,90.0,1,
114,90.0,2,-76.0,1,
115,90.0,5,-76.0,1,
116,-72.0,1,90.0,4,-76.0,1,
117,72.0,1,90.0,4,68.0,1,
118,90.0,4,76.0,1,63.0,1,
119,72.0,2,76.0,1,
120,90.0,1,
1419,45.0,2,
106,0.0,2,45.0,4,
619,0.0,2,
1218,0.0,1,-63.0,1,45.0,1,
707,56.0,1,
622,0.0,3,
1220,72.0,1,90.0,1,
709,90.0,1,
2212,45.0,2,
2213,45.0,3,
2214,45.0,1,63.0,1,
2215,76.0,1,
2218,90.0,1,45.0,1,
2219,90.0,1,-68.0,1,45.0,1,
2220,-63.0,1,90.0,1,
2221,45.0,1,
1712,-63.0,1,
1713,18.0,1,59.0,1,
1715,45.0,1,
1716,72.0,1,
1717,90.0,1,45.0,1,
1718,0.0,3,-72.0,1,
713,90.0,1,45.0,2,
1720,0.0,3,-27.0,1,
1721,0.0,1,45.0,1,
1722,0.0,3,
1214,45.0,1,
1215,0.0,2,79.0,1,
1216,0.0,2,63.0,1,
705,0.0,1,45.0,1,
706,0.0,1,34.0,1,51.0,1,45.0,1,37.0,1,
1219,-63.0,1,45.0,4,
708,72.0,1,
1221,45.0,1,
710,90.0,2,
711,-72.0,1,-59.0,1,
200,0.0,1,45.0,5,
201,-56.0,1,-63.0,1,90.0,1,45.0,3,
714,45.0,1,
204,56.0,4,53.0,1,45.0,1,
205,0.0,1,56.0,1,90.0,1,-45.0,2,76.0,1,
718,0.0,2,-27.0,1,
207,45.0,1,
208,90.0,4,
209,72.0,1,90.0,3,45.0,2,
210,0.0,1,72.0,1,-45.0,1,-34.0,1,
211,-45.0,3,
212,45.0,1,
213,-63.0,1,90.0,2,
214,-56.0,2,90.0,1,45.0,1,-59.0,1,
1913,72.0,1,90.0,1,45.0,1,
218,90.0,2,63.0,1,
219,45.0,4,63.0,1,
220,90.0,1,51.0,1,53.0,1,
221,45.0,1,
720,0.0,3,-45.0,1,45.0,1,
1318,45.0,2,
721,0.0,1,
1319,0.0,2,45.0,1,63.0,1,
722,0.0,3,
1320,0.0,1,27.0,1,53.0,1,45.0,1,
1321,45.0,2,
1919,90.0,1,-45.0,1,45.0,2,
1322,18.0,1,
812,-72.0,1,-63.0,1,90.0,1,45.0,1,
2314,72.0,3,
2315,90.0,1,76.0,1,45.0,1,
2316,90.0,2,
2317,-72.0,1,-79.0,1,90.0,1,
2318,-63.0,2,90.0,1,45.0,1,
2319,-72.0,1,45.0,1,
2320,45.0,1,
1811,0.0,1,
1812,0.0,1,
1813,0.0,1,
1814,-72.0,1,59.0,1,63.0,1,
1815,79.0,1,
1816,-76.0,1,
1817,-63.0,1,
1818,0.0,2,
1819,0.0,1,-27.0,1,
1820,0.0,3,45.0,1,
1821,0.0,1,45.0,1,
1822,0.0,1,-27.0,1,
1315,56.0,1,45.0,1,
1316,34.0,1,68.0,1,45.0,1,
1317,68.0,1,45.0,1,
806,45.0,4,
807,59.0,1,63.0,1,45.0,2,79.0,1,
808,90.0,1,45.0,1,
809,-79.0,1,
810,-72.0,1,45.0,1,
811,-63.0,1,90.0,1,45.0,1,-79.0,1,
300,0.0,2,-45.0,4,
813,45.0,1,
305,90.0,4,45.0,1,
818,0.0,1,-45.0,1,45.0,1,
307,0.0,1,45.0,2,
820,-45.0,2,45.0,2,
309,90.0,2,45.0,2,63.0,1,
310,90.0,1,76.0,1,45.0,2,79.0,1,
311,45.0,4,
312,-45.0,1,45.0,2,
308,90.0,1,-45.0,1,45.0,1,-53.0,1,-59.0,1,
314,45.0,1,
315,90.0,1,
316,90.0,2,
317,-72.0,1,
318,72.0,1,
319,45.0,3,
320,45.0,3,
321,45.0,3,
322,27.0,1,
907,90.0,2,63.0,1,
822,-45.0,2,-27.0,1,
908,90.0,2,76.0,2,
1421,34.0,2,
817,45.0,1,
2019,45.0,1,
1422,0.0,1,
313,45.0,4,
2313,90.0,2,
1222,45.0,1,
506,27.0,1,
215,90.0,1,45.0,2,
421,0.0,1,45.0,1,
1519,45.0,2,
408,18.0,1,45.0,1,
2415,90.0,1,
2416,90.0,2,
2417,90.0,2,
2418,90.0,1,
915,90.0,1,
1912,45.0,2,
916,90.0,1,-68.0,1,
1914,-72.0,1,45.0,2,
1915,56.0,1,45.0,1,
1916,72.0,1,
1917,90.0,1,
1918,0.0,1,90.0,1,-45.0,1,45.0,1,
405,56.0,1,45.0,1,
1920,-63.0,1,-45.0,1,45.0,2,
1921,0.0,1,45.0,1,
1922,-45.0,2,
2113,45.0,2,
1415,45.0,1,
1416,72.0,2,90.0,1,
1417,76.0,1,45.0,3,
1418,51.0,1,27.0,1,63.0,1,
919,-45.0,1,45.0,2,
1420,0.0,1,18.0,1,27.0,1,45.0,1,
909,90.0,4,
910,-72.0,1,90.0,2,-76.0,1,
911,-72.0,1,
400,0.0,3,37.0,1,14.0,1,45.0,1,
401,-63.0,1,45.0,1,
402,-72.0,1,-79.0,2,90.0,3,
403,72.0,1,90.0,4,79.0,1,
404,72.0,1,90.0,3,68.0,1,79.0,1,
917,90.0,1,45.0,2,
918,-63.0,1,90.0,1,-45.0,1,45.0,1,
407,0.0,4,14.0,1,
920,-45.0,2,45.0,1,
921,90.0,1,-45.0,1,45.0,1,
410,45.0,1,
411,90.0,1,45.0,3,
412,45.0,5,
413,45.0,3,
414,-63.0,1,45.0,1,
415,-72.0,1,90.0,2,45.0,3,
416,72.0,1,-72.0,1,90.0,1,-68.0,1,45.0,2,
417,72.0,1,90.0,2,51.0,1,63.0,1,
418,68.0,1,63.0,1,
419,56.0,1,45.0,2,
420,34.0,1,27.0,2,45.0,1,
1121,56.0,1,45.0,1,
422,0.0,2,18.0,1,
712,-72.0,1,45.0,4,
502,90.0,1,45.0,1,
1021,-45.0,2,
504,90.0,3,
511,-72.0,1,-63.0,1,90.0,1,45.0,2,
1017,-56.0,1,-79.0,1,45.0,2,
2012,-63.0,1,45.0,3,
2013,-63.0,1,59.0,1,45.0,1,14.0,1,
2014,56.0,1,90.0,1,45.0,2,
2015,56.0,1,63.0,1,
2016,79.0,1,
2017,-72.0,1,90.0,2,45.0,1,
2018,-63.0,2,45.0,3,
507,56.0,1,0.0,1,27.0,1,45.0,2,
2020,0.0,1,-45.0,1,
2021,-45.0,1,45.0,1,
2022,0.0,1,
1020,0.0,1,-63.0,1,45.0,1,
1517,45.0,2,
1518,27.0,1,45.0,3,
613,90.0,1,45.0,3,
1520,0.0,2,27.0,2,
1521,0.0,1,
1522,0.0,2,18.0,1,
500,27.0,1,45.0,3,37.0,1,
501,-56.0,1,45.0,4,-51.0,1,
1014,90.0,1,
1015,90.0,1,
1016,0.0,1,90.0,2,45.0,1,
505,56.0,1,27.0,1,45.0,3,53.0,1,
1018,-63.0,1,90.0,1,-68.0,1,
1019,45.0,2,
508,34.0,1,45.0,2,79.0,1,
509,72.0,1,90.0,1,
510,-72.0,1,-63.0,1,90.0,1,45.0,1,
1621,45.0,1,
