1,45.0,6,
2,-56.0,1,-72.0,1,90.0,1,45.0,2,-63.0,1,
3,-72.0,1,-63.0,3,90.0,2,
4,-72.0,3,-63.0,1,90.0,2,
5,90.0,6,
6,-63.0,1,90.0,5,
7,-72.0,1,90.0,5,
8,90.0,6,
9,90.0,5,76.0,1,
10,90.0,6,
11,90.0,3,76.0,1,63.0,2,
12,90.0,4,76.0,1,63.0,1,
13,72.0,1,90.0,3,76.0,1,63.0,1,
14,72.0,2,90.0,1,63.0,3,
15,72.0,2,53.0,1,63.0,3,
16,56.0,1,72.0,1,90.0,1,45.0,2,63.0,1,
17,72.0,1,45.0,1,63.0,1,
18,45.0,1,63.0,1,
2104,90.0,1,63.0,1,
2105,63.0,2,
2106,90.0,1,63.0,1,
2107,90.0,1,63.0,1,
2108,90.0,2,
2109,90.0,1,
2110,90.0,1,
2111,90.0,1,
2112,90.0,1,
2113,90.0,2,
2114,90.0,2,
2115,90.0,2,
2116,-63.0,2,
2117,-63.0,1,45.0,1,
2118,45.0,1,
100,-31.0,2,-45.0,1,-27.0,2,-34.0,1,
101,45.0,6,
102,45.0,3,
103,-63.0,2,90.0,1,45.0,3,
104,-72.0,1,90.0,4,-76.0,1,
105,72.0,1,90.0,4,63.0,1,
106,72.0,1,45.0,2,63.0,3,
107,45.0,3,
108,-72.0,1,45.0,3,
109,90.0,4,27.0,1,45.0,1,
110,90.0,5,76.0,1,
111,72.0,1,90.0,4,76.0,1,
112,72.0,2,76.0,1,63.0,3,
113,72.0,2,76.0,1,63.0,3,
114,56.0,2,72.0,1,63.0,3,
115,72.0,1,45.0,2,63.0,1,
116,56.0,1,72.0,1,45.0,2,63.0,1,
117,45.0,4,63.0,1,
118,34.0,1,90.0,1,45.0,4,
119,56.0,1,45.0,3,
120,45.0,2,
121,27.0,1,
2209,90.0,1,
2210,90.0,1,
2211,90.0,1,
2212,90.0,1,
200,8.0,2,0.0,2,6.0,2,
202,16.0,1,0.0,2,11.0,2,-45.0,1,
203,56.0,2,45.0,2,63.0,2,
204,72.0,2,90.0,2,
205,90.0,2,-76.0,1,45.0,1,
206,-24.0,1,-72.0,1,90.0,2,-45.0,1,45.0,1,
207,0.0,1,-23.0,1,-14.0,1,27.0,1,-22.0,1,
208,0.0,1,
209,-8.0,1,0.0,2,-13.0,1,
210,0.0,1,-8.0,1,
214,45.0,1,
215,45.0,3,63.0,1,
216,45.0,3,39.0,1,
217,37.0,1,45.0,4,
218,45.0,2,37.0,1,
219,0.0,1,34.0,2,45.0,2,23.0,1,
220,0.0,1,27.0,1,22.0,1,
221,34.0,1,27.0,1,
222,0.0,1,22.0,1,
300,34.0,1,27.0,3,37.0,1,45.0,1,
301,45.0,5,53.0,1,
302,56.0,2,45.0,3,63.0,1,
303,72.0,2,90.0,3,45.0,1,
304,45.0,2,63.0,2,
305,90.0,3,
306,90.0,2,45.0,2,
307,-56.0,1,-63.0,1,90.0,1,45.0,2,
308,-72.0,1,-63.0,2,-45.0,2,45.0,1,
309,0.0,3,-45.0,2,45.0,1,
310,0.0,1,-45.0,1,
317,0.0,1,18.0,1,45.0,1,
318,0.0,1,18.0,2,
319,18.0,2,45.0,1,
320,0.0,1,27.0,1,45.0,2,
322,27.0,1,45.0,1,
402,90.0,2,
403,90.0,3,45.0,1,
404,90.0,5,76.0,1,
405,90.0,6,
406,90.0,6,
407,90.0,4,
415,90.0,1,45.0,1,
416,-56.0,1,-45.0,1,45.0,1,
417,90.0,2,-45.0,2,-27.0,1,45.0,1,
418,0.0,2,-45.0,1,45.0,2,
419,-22.0,1,-45.0,1,-37.0,1,
420,-23.0,1,-14.0,2,
421,0.0,1,
422,-21.0,1,-27.0,1,
501,-63.0,1,45.0,3,
502,-56.0,1,-63.0,2,90.0,1,45.0,2,
503,-72.0,3,-63.0,2,90.0,1,
504,-72.0,2,-63.0,2,90.0,1,-76.0,1,
505,-72.0,2,-63.0,1,90.0,3,
506,90.0,6,
507,90.0,6,
508,90.0,5,63.0,1,
509,72.0,2,90.0,3,76.0,1,
510,90.0,5,63.0,1,
511,72.0,2,90.0,2,76.0,1,63.0,1,
512,90.0,6,
513,-63.0,1,90.0,5,
514,-63.0,1,90.0,4,-76.0,1,
515,90.0,5,45.0,1,
516,90.0,3,45.0,2,
517,-56.0,1,90.0,1,45.0,2,
518,-63.0,1,-45.0,1,45.0,2,
519,90.0,2,-45.0,1,45.0,2,-34.0,1,
520,0.0,1,90.0,1,45.0,1,
521,-45.0,2,
600,0.0,2,-31.0,1,-45.0,1,-27.0,2,
601,0.0,3,-63.0,1,45.0,2,
602,45.0,4,
603,-56.0,1,-53.0,1,45.0,3,
604,-72.0,2,-63.0,2,90.0,2,
605,-72.0,1,-63.0,2,90.0,2,-76.0,1,
606,-63.0,1,90.0,5,
607,-72.0,1,90.0,5,
608,72.0,1,90.0,3,76.0,1,63.0,1,
609,72.0,1,90.0,3,63.0,2,
610,90.0,5,76.0,1,
611,72.0,1,90.0,4,63.0,1,
612,90.0,5,63.0,1,
613,-72.0,1,90.0,5,
614,90.0,6,
615,-72.0,2,90.0,4,
616,-72.0,1,-63.0,1,90.0,4,
617,-72.0,1,-63.0,1,90.0,1,45.0,2,
618,-72.0,1,-63.0,1,45.0,2,
700,0.0,5,-45.0,1,
702,0.0,3,9.0,1,-45.0,2,
703,0.0,1,45.0,3,
704,45.0,1,
800,24.0,1,9.0,1,11.0,1,22.0,2,27.0,1,
801,0.0,1,27.0,2,45.0,1,
802,27.0,2,45.0,1,
803,34.0,1,45.0,4,39.0,1,
804,56.0,1,45.0,1,63.0,2,
805,72.0,2,76.0,1,63.0,1,
806,72.0,1,90.0,3,
807,90.0,3,
808,90.0,3,
809,90.0,2,-76.0,1,
810,90.0,4,
811,90.0,3,-76.0,1,
812,90.0,4,
813,-72.0,1,90.0,2,76.0,1,
814,90.0,3,76.0,1,
815,72.0,2,90.0,1,76.0,1,
816,72.0,1,90.0,2,
817,72.0,1,
818,90.0,1,
900,45.0,2,
901,45.0,6,
902,45.0,5,53.0,1,
903,56.0,1,72.0,1,45.0,2,63.0,1,
904,72.0,3,45.0,2,63.0,1,
905,90.0,3,63.0,1,
906,90.0,2,45.0,1,
907,90.0,3,
908,90.0,3,
909,90.0,3,45.0,1,
910,90.0,4,
911,90.0,5,
912,-72.0,1,90.0,4,
913,90.0,4,63.0,1,
914,72.0,1,90.0,3,
915,90.0,2,63.0,1,
916,45.0,1,63.0,3,
917,56.0,1,90.0,1,53.0,1,63.0,2,
918,90.0,1,45.0,2,63.0,1,
919,56.0,1,45.0,2,
920,56.0,1,45.0,1,
921,34.0,1,
1002,45.0,2,
1003,63.0,2,
1004,90.0,1,45.0,1,63.0,2,
1005,90.0,2,76.0,1,45.0,1,63.0,2,
1006,90.0,6,
1007,90.0,6,
1008,90.0,5,-76.0,1,
1009,90.0,6,
1010,-63.0,1,90.0,3,45.0,1,
1011,90.0,3,45.0,1,
1012,90.0,3,
1013,90.0,3,
1014,90.0,2,76.0,1,63.0,1,
1015,72.0,1,90.0,2,53.0,1,63.0,1,
1016,56.0,1,90.0,3,45.0,2,
1017,72.0,1,45.0,2,63.0,1,
1018,56.0,1,45.0,3,63.0,2,
1019,34.0,2,45.0,2,22.0,1,37.0,1,
1020,45.0,1,23.0,1,
1021,0.0,1,34.0,1,
1022,0.0,1,21.0,1,
1116,90.0,1,45.0,2,
1117,-14.0,1,45.0,3,
1118,0.0,1,45.0,2,
1119,-7.0,1,-6.0,1,27.0,1,
1120,0.0,1,-7.0,1,18.0,1,27.0,1,
1122,0.0,1,-6.0,1,
1203,90.0,1,45.0,1,
1204,-72.0,1,-63.0,1,-76.0,1,
1205,-72.0,1,90.0,3,
1206,90.0,4,
1207,90.0,4,
1208,90.0,3,76.0,1,
1209,72.0,1,90.0,3,
1210,90.0,4,
1211,72.0,1,90.0,3,
1212,90.0,4,
1213,72.0,1,90.0,3,
1214,-72.0,1,90.0,2,-76.0,1,
1215,-63.0,1,90.0,3,
1216,-72.0,1,90.0,2,45.0,2,
1217,90.0,2,45.0,2,-34.0,1,
1218,0.0,1,-56.0,1,45.0,2,-27.0,1,
1219,-31.0,1,45.0,3,
1220,-14.0,1,-11.0,1,-34.0,1,
1221,-45.0,2,
1222,0.0,1,-34.0,1,
1301,0.0,1,-45.0,2,
1302,0.0,2,-45.0,1,45.0,1,
1303,-63.0,3,45.0,3,
1304,-63.0,1,90.0,2,
1305,-72.0,1,-63.0,2,90.0,1,45.0,1,
1306,-72.0,1,90.0,3,-76.0,1,
1307,90.0,5,76.0,1,
1308,90.0,6,
1309,72.0,1,90.0,3,76.0,1,63.0,1,
1310,72.0,1,90.0,4,
1311,90.0,4,76.0,1,
1312,72.0,1,90.0,4,
1313,-72.0,1,72.0,1,90.0,3,
1314,90.0,4,-76.0,1,
1315,-72.0,2,90.0,3,
1316,-63.0,2,90.0,2,45.0,2,
1317,-72.0,1,-63.0,2,90.0,1,45.0,1,
1318,-63.0,1,90.0,1,45.0,3,
1319,-63.0,1,90.0,1,-45.0,2,
1320,-63.0,1,90.0,1,-45.0,1,45.0,1,
1321,45.0,1,
1400,-22.0,2,-45.0,1,-27.0,1,
1401,0.0,2,-45.0,3,45.0,1,
1402,-45.0,1,45.0,1,
1403,90.0,1,-45.0,2,45.0,1,-37.0,1,
1404,0.0,2,-53.0,1,45.0,1,-45.0,1,
1405,-63.0,2,90.0,2,45.0,1,
1406,90.0,3,
1407,90.0,1,63.0,1,
1408,90.0,2,
1409,90.0,2,45.0,1,
1410,90.0,1,63.0,2,
1411,90.0,4,45.0,1,
1412,-72.0,1,90.0,4,
1413,-72.0,1,90.0,5,
1414,-63.0,1,90.0,4,76.0,1,
1415,90.0,5,76.0,1,
1416,90.0,5,
1417,72.0,1,90.0,1,45.0,1,
1418,90.0,1,45.0,2,
1500,-45.0,1,-27.0,5,
1501,0.0,1,45.0,1,
1502,0.0,2,-22.0,1,45.0,1,-18.0,1,
1503,0.0,2,-45.0,3,
1504,-63.0,1,45.0,1,
1505,45.0,1,
1508,0.0,1,
1509,0.0,1,-45.0,1,
1510,-63.0,2,-45.0,1,45.0,1,
1511,-63.0,1,90.0,1,45.0,3,
1512,-72.0,1,-63.0,2,45.0,1,
1513,90.0,3,
1514,90.0,3,
1515,90.0,2,63.0,1,
1516,90.0,1,45.0,1,63.0,2,
1517,56.0,1,90.0,1,53.0,1,
1518,56.0,1,45.0,1,63.0,2,
1519,56.0,1,45.0,2,
1520,56.0,1,90.0,1,
1521,34.0,1,
1600,0.0,5,-45.0,1,
1602,8.0,1,0.0,2,-45.0,1,-18.0,1,6.0,1,
1603,0.0,2,
1608,0.0,1,-22.0,1,
1609,0.0,1,-45.0,1,45.0,1,-27.0,2,
1610,0.0,2,45.0,3,
1611,90.0,1,45.0,3,
1612,-56.0,1,90.0,1,-76.0,1,45.0,2,
1613,-63.0,1,90.0,2,27.0,1,45.0,1,
1614,-72.0,1,90.0,2,76.0,1,45.0,1,
1615,72.0,1,90.0,2,53.0,1,
1616,56.0,1,90.0,2,63.0,1,45.0,1,39.0,1,
1617,0.0,1,72.0,1,37.0,1,63.0,3,
1618,56.0,1,45.0,4,63.0,1,
1619,0.0,1,27.0,1,45.0,2,37.0,1,
1620,21.0,1,45.0,1,
1621,0.0,1,34.0,1,
1622,0.0,1,21.0,1,
1700,16.0,1,0.0,2,20.0,1,14.0,2,
1701,45.0,1,
1702,0.0,2,9.0,1,45.0,2,
1703,27.0,1,22.0,1,30.0,1,23.0,1,
1704,45.0,2,
1708,0.0,2,-27.0,1,15.0,1,
1709,0.0,1,8.0,1,27.0,1,45.0,1,9.0,1,
1710,27.0,1,
1711,0.0,1,45.0,1,
1712,-63.0,1,90.0,1,45.0,1,63.0,1,
1713,90.0,2,45.0,2,63.0,1,
1714,0.0,1,90.0,2,45.0,1,63.0,1,
1715,0.0,1,27.0,1,63.0,2,
1716,45.0,2,
1717,18.0,1,45.0,2,
1718,27.0,1,
1719,0.0,2,34.0,1,45.0,2,
1720,0.0,2,18.0,1,27.0,1,
1722,0.0,1,45.0,1,
1800,0.0,1,18.0,2,45.0,1,
1801,27.0,1,30.0,1,31.0,2,
1802,0.0,2,34.0,1,27.0,1,45.0,1,
1803,27.0,2,45.0,1,
1804,34.0,1,45.0,2,39.0,1,
1805,56.0,1,53.0,1,45.0,2,
1806,56.0,2,72.0,1,45.0,1,
1807,63.0,1,
1808,0.0,1,18.0,1,
1809,27.0,1,45.0,4,
1810,72.0,1,34.0,1,76.0,1,45.0,1,
1811,56.0,1,90.0,2,45.0,1,63.0,1,
1812,-56.0,1,72.0,1,90.0,3,63.0,1,
1813,0.0,1,34.0,1,45.0,1,-45.0,1,-72.0,1,90.0,1,
1814,90.0,1,-45.0,1,45.0,1,
1815,0.0,2,-63.0,1,45.0,1,
1816,-56.0,1,-45.0,1,45.0,1,
1817,0.0,2,-63.0,1,-45.0,1,45.0,1,
1818,0.0,2,18.0,1,90.0,1,45.0,2,
1819,0.0,1,-21.0,1,-27.0,1,-45.0,1,
1820,0.0,2,-27.0,1,
1821,-45.0,1,45.0,1,
1822,-22.0,1,-18.0,1,
1900,0.0,2,
1901,34.0,1,27.0,1,
1902,45.0,4,
1903,0.0,1,45.0,5,
1904,56.0,1,90.0,1,45.0,3,53.0,1,
1905,56.0,1,90.0,1,45.0,3,
1906,45.0,2,
1907,72.0,1,45.0,1,63.0,2,
1908,72.0,1,56.0,1,76.0,1,63.0,1,
1909,72.0,1,90.0,1,76.0,1,34.0,2,63.0,1,
1910,90.0,4,63.0,2,
1911,72.0,1,90.0,5,
1912,90.0,6,
1913,-72.0,1,90.0,2,-76.0,1,-27.0,2,
1914,-72.0,1,-63.0,2,90.0,1,
1915,-72.0,1,-63.0,1,90.0,1,
1916,-63.0,3,45.0,2,
1917,-63.0,1,90.0,1,-45.0,2,-53.0,1,
1918,-56.0,1,0.0,1,-45.0,1,45.0,1,
1919,0.0,2,-56.0,1,90.0,1,
1920,-22.0,1,-45.0,1,45.0,2,
1921,0.0,1,45.0,1,
2002,34.0,1,45.0,1,
2003,45.0,2,
2004,45.0,2,
2005,72.0,1,90.0,1,45.0,1,63.0,1,
2006,72.0,2,76.0,1,63.0,3,
2007,72.0,2,90.0,1,76.0,1,63.0,2,
2008,72.0,2,90.0,2,76.0,1,63.0,1,
2009,90.0,5,63.0,1,
2010,72.0,1,90.0,4,63.0,1,
2011,90.0,6,
2012,-63.0,1,90.0,4,-76.0,1,
2013,-72.0,2,-63.0,1,90.0,2,-76.0,1,
2014,-72.0,2,-63.0,1,90.0,3,
2015,-63.0,5,90.0,1,
2016,-63.0,3,90.0,1,
2017,-72.0,1,-63.0,1,90.0,1,
2018,90.0,2,45.0,2,
2019,-45.0,2,45.0,1,
2020,45.0,1,
