0,90.0,6,
1,90.0,6,
2,0.0,3,
3,0.0,2,90.0,1,
4,90.0,6,
5,90.0,6,
6,-63.0,1,90.0,1,45.0,1,
7,-72.0,2,-63.0,3,-68.0,1,
8,-79.0,1,90.0,4,-76.0,1,
9,90.0,5,79.0,1,
10,72.0,2,68.0,1,76.0,1,63.0,2,
11,72.0,1,63.0,2,
2101,34.0,1,45.0,3,
2102,56.0,1,
2103,90.0,1,
2104,90.0,1,68.0,1,45.0,1,
2105,72.0,1,90.0,2,76.0,1,
2106,90.0,4,
2107,-79.0,1,90.0,3,
2108,90.0,2,-76.0,1,
2110,90.0,1,45.0,1,
2111,0.0,1,-56.0,1,45.0,2,
2112,0.0,1,45.0,2,
2113,45.0,2,
2114,90.0,1,45.0,1,
2115,90.0,1,63.0,1,79.0,1,
2116,72.0,1,90.0,3,
2117,-63.0,1,90.0,2,45.0,1,
2118,-76.0,1,
2119,45.0,1,
2120,0.0,2,45.0,1,
2121,-45.0,1,45.0,1,
100,0.0,6,
101,0.0,3,
102,0.0,3,
103,0.0,3,
104,0.0,3,
105,0.0,4,45.0,1,63.0,1,
106,45.0,6,
107,45.0,1,
110,0.0,1,-45.0,1,45.0,1,
111,0.0,2,90.0,1,45.0,1,-34.0,1,
112,0.0,1,
113,90.0,1,
114,90.0,2,-76.0,1,
115,90.0,5,-76.0,1,
116,-72.0,1,90.0,4,-76.0,1,
117,72.0,1,90.0,4,68.0,1,
118,90.0,4,76.0,1,63.0,1,
119,72.0,2,76.0,1,
120,90.0,1,
2201,45.0,3,
2202,56.0,1,45.0,2,63.0,1,
2203,59.0,1,
2204,45.0,1,
2209,-76.0,1,45.0,1,
2210,-63.0,1,90.0,2,45.0,1,
2211,-63.0,1,
2213,56.0,1,45.0,2,
2214,45.0,1,63.0,1,
2215,68.0,1,
2216,45.0,1,
2219,-76.0,1,45.0,2,
2220,-56.0,1,45.0,2,
2221,-45.0,1,
200,0.0,6,
201,0.0,3,
202,0.0,3,
203,0.0,3,
204,0.0,3,
205,18.0,2,90.0,3,45.0,1,
206,0.0,2,45.0,1,
207,45.0,1,
208,90.0,4,
209,72.0,1,90.0,3,45.0,2,
210,72.0,1,0.0,1,-45.0,1,-34.0,1,
211,-45.0,3,
212,45.0,1,
213,-63.0,1,90.0,2,
214,-56.0,2,90.0,1,-59.0,1,45.0,1,
215,90.0,1,45.0,2,
218,90.0,2,63.0,1,
219,45.0,4,63.0,1,
220,90.0,1,51.0,1,53.0,1,
221,45.0,1,
2302,45.0,3,
2303,72.0,1,56.0,1,63.0,1,
2304,90.0,1,76.0,1,45.0,1,
2305,79.0,1,
2306,90.0,1,
2307,-79.0,1,90.0,1,
2308,-72.0,1,-79.0,1,90.0,1,
2309,-63.0,2,-76.0,1,
2310,-72.0,1,
2313,45.0,1,
2314,56.0,1,72.0,1,90.0,1,
2315,90.0,2,63.0,1,
2316,90.0,3,
2317,90.0,2,45.0,1,
2318,-72.0,2,90.0,1,
2319,90.0,1,-76.0,1,
2320,90.0,1,
300,0.0,6,
301,0.0,3,
302,0.0,3,
303,0.0,3,
304,0.0,3,
307,0.0,1,45.0,2,
308,90.0,1,-53.0,1,-59.0,1,-45.0,1,45.0,1,
309,90.0,2,45.0,2,63.0,1,
310,90.0,1,76.0,1,45.0,2,79.0,1,
311,45.0,4,
312,-45.0,1,45.0,2,
313,45.0,4,
314,45.0,1,
315,90.0,1,
316,90.0,2,
317,-72.0,1,
318,72.0,1,
319,45.0,3,
320,45.0,3,
321,45.0,3,
322,27.0,1,
2404,90.0,2,45.0,1,
2405,72.0,1,90.0,2,
2406,90.0,3,
2407,-72.0,1,90.0,2,
2408,90.0,1,-76.0,1,
2415,90.0,1,
2416,90.0,2,
2417,90.0,2,
2418,90.0,1,
400,0.0,6,
401,0.0,3,
402,0.0,3,
403,0.0,3,
404,0.0,3,
407,0.0,4,14.0,1,
408,18.0,1,45.0,1,
410,45.0,1,
411,90.0,1,45.0,3,
412,45.0,5,
413,45.0,3,
414,-63.0,1,45.0,1,
415,-72.0,1,90.0,2,45.0,3,
416,-72.0,1,72.0,1,90.0,1,-68.0,1,45.0,2,
417,72.0,1,90.0,2,51.0,1,63.0,1,
418,68.0,1,63.0,1,
419,56.0,1,45.0,2,
420,34.0,1,27.0,2,45.0,1,
421,0.0,1,45.0,1,
422,0.0,2,18.0,1,
500,0.0,6,
501,0.0,3,
502,0.0,3,
503,0.0,3,
504,0.0,3,
505,45.0,1,
506,45.0,1,
507,0.0,1,56.0,1,27.0,1,45.0,2,
508,34.0,1,45.0,2,79.0,1,
509,72.0,1,90.0,1,
510,-72.0,1,-63.0,1,90.0,1,45.0,1,
511,-72.0,1,-63.0,1,90.0,1,45.0,2,
512,90.0,1,45.0,1,
513,45.0,2,
514,-56.0,1,-63.0,1,45.0,3,
515,-56.0,1,90.0,1,45.0,1,
517,45.0,1,
518,27.0,1,45.0,2,
519,45.0,2,
520,0.0,1,18.0,1,27.0,1,45.0,1,
521,45.0,1,
522,0.0,1,18.0,1,14.0,1,
600,0.0,6,
601,0.0,3,
602,0.0,3,
603,0.0,3,
604,0.0,3,
605,0.0,2,45.0,4,
606,0.0,1,34.0,1,45.0,1,
607,45.0,1,
608,72.0,2,63.0,2,
609,90.0,4,
610,-79.0,1,90.0,1,-76.0,1,-63.0,1,
611,90.0,1,
612,45.0,1,
613,90.0,1,45.0,3,
614,45.0,3,
618,0.0,3,
619,0.0,2,
620,0.0,5,
621,0.0,1,
622,0.0,3,
700,0.0,6,
701,0.0,3,
702,0.0,2,68.0,1,63.0,1,
703,-72.0,1,0.0,2,-53.0,1,
704,0.0,2,45.0,1,
705,0.0,3,90.0,2,-45.0,1,
706,34.0,1,51.0,1,37.0,1,45.0,2,
707,56.0,1,
708,72.0,1,
709,90.0,1,
710,90.0,2,
711,-72.0,1,-59.0,1,
712,-72.0,1,45.0,4,
713,90.0,1,45.0,2,
714,45.0,1,
718,0.0,2,-27.0,1,
719,0.0,2,
720,0.0,3,-45.0,1,45.0,1,
721,0.0,1,
722,0.0,3,
800,0.0,6,
801,45.0,2,
802,72.0,1,53.0,2,63.0,1,
803,-63.0,2,90.0,1,-68.0,1,
804,0.0,1,45.0,1,
805,0.0,5,-45.0,1,
806,45.0,4,
807,59.0,1,79.0,1,45.0,2,63.0,1,
808,90.0,1,45.0,1,
809,-79.0,1,
810,-72.0,1,45.0,1,
811,-79.0,1,90.0,1,45.0,1,-63.0,1,
812,-72.0,1,-63.0,1,90.0,1,45.0,1,
813,45.0,1,
817,45.0,1,
818,0.0,1,-45.0,1,45.0,1,
819,-45.0,2,45.0,1,
820,-45.0,2,45.0,2,
821,0.0,1,45.0,1,
822,-45.0,2,-27.0,1,
900,0.0,6,
901,45.0,1,
902,90.0,1,45.0,1,63.0,1,
903,90.0,2,45.0,1,
904,90.0,1,-45.0,1,
905,0.0,3,-27.0,1,
907,90.0,2,63.0,1,
908,90.0,2,76.0,2,
909,90.0,4,
910,-72.0,1,90.0,2,-76.0,1,
911,-72.0,1,
915,90.0,1,
916,90.0,1,-68.0,1,
917,90.0,1,45.0,2,
918,-63.0,1,90.0,1,-45.0,1,45.0,1,
919,-45.0,1,45.0,2,
920,-45.0,2,45.0,1,
921,90.0,1,-45.0,1,45.0,1,
922,0.0,1,45.0,1,
1000,0.0,6,
1001,0.0,1,
1002,0.0,1,76.0,1,45.0,2,63.0,1,
1003,90.0,1,
1004,0.0,1,90.0,1,45.0,3,
1005,-45.0,1,45.0,2,
1006,90.0,1,
1007,-72.0,1,90.0,1,
1008,-72.0,1,90.0,1,
1009,72.0,1,
1010,72.0,1,
1011,45.0,1,
1014,90.0,1,
1015,90.0,1,
1016,0.0,1,90.0,2,45.0,1,
1017,-56.0,1,-79.0,1,45.0,2,
1018,-63.0,1,90.0,1,-68.0,1,
1019,45.0,2,
1020,0.0,1,-63.0,1,45.0,1,
1021,-45.0,2,
1100,0.0,6,
1101,0.0,3,
1102,0.0,1,90.0,2,63.0,2,
1103,90.0,4,
1104,-63.0,1,90.0,2,45.0,1,
1105,0.0,1,45.0,1,
1106,-68.0,1,45.0,1,
1107,90.0,1,
1108,90.0,1,
1109,90.0,1,68.0,1,
1110,45.0,1,
1111,63.0,1,
1112,45.0,1,
1114,0.0,1,
1115,90.0,2,
1116,0.0,1,90.0,2,45.0,2,
1117,-72.0,1,72.0,1,45.0,1,
1118,90.0,1,59.0,1,45.0,1,
1119,90.0,1,45.0,2,
1120,-63.0,1,90.0,1,45.0,1,
1121,56.0,1,45.0,1,
1200,0.0,6,
1201,0.0,3,
1202,0.0,3,
1205,0.0,1,-45.0,1,
1206,-56.0,1,-63.0,1,90.0,1,45.0,1,
1207,-72.0,2,-63.0,1,90.0,1,45.0,1,
1208,90.0,4,
1209,72.0,3,76.0,1,45.0,1,
1210,72.0,1,59.0,1,45.0,4,
1211,0.0,1,45.0,1,
1212,34.0,1,
1214,45.0,1,
1215,0.0,2,79.0,1,
1216,0.0,2,63.0,1,
1218,0.0,1,-63.0,1,45.0,1,
1219,-63.0,1,45.0,4,
1220,72.0,1,90.0,1,
1221,45.0,1,
1222,45.0,1,
1300,0.0,6,
1301,0.0,3,
1302,0.0,3,
1304,-27.0,1,
1305,0.0,1,-45.0,1,45.0,3,
1306,-56.0,1,90.0,1,45.0,3,
1307,56.0,1,-79.0,1,
1308,79.0,1,
1309,45.0,1,
1310,45.0,4,
1311,0.0,1,34.0,1,45.0,2,
1312,45.0,2,
1313,0.0,1,
1315,56.0,1,45.0,1,
1316,34.0,1,68.0,1,45.0,1,
1317,68.0,1,45.0,1,
1318,45.0,2,
1319,0.0,2,45.0,1,63.0,1,
1320,0.0,1,27.0,1,53.0,1,45.0,1,
1321,45.0,2,
1322,18.0,1,
1400,0.0,6,
1401,0.0,3,
1402,0.0,2,27.0,1,
1404,0.0,1,
1405,0.0,2,-45.0,2,-27.0,1,
1406,45.0,1,
1407,-56.0,1,90.0,3,
1408,72.0,1,-79.0,1,90.0,2,45.0,1,
1409,90.0,1,68.0,1,45.0,1,
1410,45.0,2,
1411,0.0,1,45.0,4,
1412,27.0,1,37.0,1,
1413,0.0,1,
1415,45.0,1,
1416,72.0,2,90.0,1,
1417,76.0,1,45.0,3,
1418,51.0,1,27.0,1,63.0,1,
1419,45.0,2,
1420,0.0,1,18.0,1,27.0,1,45.0,1,
1421,34.0,2,
1422,0.0,1,
1500,0.0,6,
1501,0.0,3,
1502,0.0,3,27.0,1,
1503,45.0,1,
1504,0.0,1,45.0,1,14.0,1,
1505,0.0,2,27.0,1,-27.0,1,
1506,45.0,4,
1507,-56.0,1,0.0,1,45.0,3,
1508,-45.0,1,45.0,1,
1509,56.0,2,63.0,1,
1510,18.0,1,45.0,2,
1511,0.0,1,27.0,1,-45.0,1,45.0,1,
1512,27.0,1,45.0,1,
1513,0.0,1,
1517,45.0,2,
1518,27.0,1,45.0,3,
1519,45.0,2,
1520,0.0,2,27.0,2,
1521,0.0,1,
1522,0.0,2,18.0,1,
1600,0.0,4,27.0,2,
1601,0.0,2,
1602,0.0,1,37.0,1,14.0,1,
1603,45.0,1,
1604,0.0,3,90.0,1,
1605,0.0,2,45.0,1,
1606,27.0,2,45.0,1,63.0,1,
1607,90.0,3,79.0,1,53.0,1,-27.0,1,
1608,90.0,1,45.0,1,
1609,45.0,3,
1610,0.0,2,27.0,1,-45.0,1,45.0,2,
1611,0.0,2,-18.0,1,
1612,0.0,3,45.0,1,
1613,0.0,1,
1614,45.0,1,
1615,56.0,1,
1618,27.0,1,45.0,1,-18.0,1,
1619,34.0,1,27.0,1,45.0,1,
1620,0.0,2,45.0,2,
1621,45.0,1,
1622,0.0,1,18.0,1,45.0,1,
1700,0.0,3,18.0,1,27.0,1,
1701,34.0,1,45.0,1,
1702,0.0,2,27.0,2,45.0,1,
1703,45.0,1,
1704,0.0,2,90.0,1,
1705,72.0,1,18.0,2,63.0,1,
1706,90.0,2,
1707,-63.0,1,90.0,3,
1708,-72.0,1,0.0,1,45.0,1,63.0,1,
1709,-63.0,1,90.0,1,
1710,0.0,1,27.0,1,
1711,0.0,2,-27.0,1,
1712,0.0,4,-45.0,1,
1713,0.0,1,-63.0,1,
1714,90.0,1,45.0,1,
1716,72.0,1,
1717,90.0,1,45.0,1,
1718,0.0,2,90.0,1,-45.0,1,
1719,45.0,3,
1720,0.0,3,-27.0,1,
1721,0.0,1,45.0,1,
1722,0.0,2,-45.0,1,
1800,0.0,1,27.0,2,45.0,2,
1801,45.0,2,
1802,56.0,1,34.0,1,27.0,3,
1803,90.0,1,45.0,1,
1804,68.0,1,
1805,34.0,1,27.0,2,45.0,1,79.0,1,
1806,72.0,1,90.0,1,
1807,0.0,1,-79.0,1,90.0,1,
1808,0.0,1,90.0,1,-45.0,1,-76.0,1,
1810,-45.0,2,45.0,1,-34.0,1,
1811,0.0,1,90.0,1,-34.0,1,
1812,0.0,4,-18.0,1,
1813,45.0,1,
1814,56.0,1,45.0,2,
1815,45.0,2,79.0,1,
1816,-79.0,1,
1817,45.0,1,
1818,0.0,2,
1819,0.0,1,-18.0,1,
1820,0.0,2,-45.0,1,45.0,1,
1821,0.0,1,45.0,1,
1822,0.0,1,-27.0,1,
1900,34.0,2,45.0,2,
1901,45.0,2,
1902,45.0,4,
1903,72.0,1,56.0,1,45.0,3,
1904,72.0,2,
1905,90.0,1,45.0,3,
1906,90.0,3,63.0,1,
1907,90.0,5,
1908,90.0,1,45.0,1,
1909,90.0,2,45.0,2,
1910,-63.0,1,90.0,1,-45.0,1,45.0,3,
1911,0.0,1,
1912,0.0,2,34.0,1,-34.0,1,
1913,45.0,3,
1914,45.0,4,
1915,0.0,1,45.0,1,63.0,1,
1916,90.0,1,
1917,90.0,1,
1918,0.0,1,90.0,1,-45.0,1,
1919,90.0,1,-45.0,2,45.0,1,
1920,90.0,1,-45.0,1,45.0,2,
1921,0.0,1,45.0,1,
1922,-45.0,2,
2000,0.0,2,45.0,1,
2001,45.0,3,37.0,1,
2002,63.0,1,
2003,72.0,1,45.0,2,63.0,1,
2004,72.0,2,90.0,2,
2005,79.0,1,
2006,90.0,2,
2007,90.0,2,
2008,90.0,3,-76.0,1,
2009,-63.0,1,90.0,2,45.0,2,
2010,45.0,1,
2011,0.0,1,-45.0,2,
2012,-45.0,1,45.0,2,
2013,-56.0,1,45.0,3,53.0,1,
2014,72.0,1,-63.0,1,45.0,2,
2015,45.0,4,
2016,68.0,1,45.0,1,
2017,90.0,3,45.0,1,
2018,-72.0,1,-68.0,1,45.0,2,
2019,45.0,2,
2020,-45.0,2,
2021,-45.0,1,
2022,-45.0,1,
