14,0.0,1,
15,90.0,1,
16,90.0,2,
17,0.0,1,90.0,2,
18,90.0,3,
19,90.0,3,
20,90.0,2,
21,0.0,1,90.0,2,
22,0.0,1,90.0,1,45.0,1,
23,90.0,1,45.0,2,
24,0.0,1,45.0,2,
25,45.0,3,
26,45.0,3,
27,45.0,3,
28,45.0,3,
29,0.0,2,45.0,1,
30,45.0,1,
31,45.0,1,
32,0.0,1,
2100,45.0,1,
2101,45.0,2,
2102,45.0,2,
2103,45.0,2,
2104,45.0,2,
2105,45.0,3,
2106,45.0,3,
2107,45.0,2,
2108,90.0,1,45.0,1,
2109,45.0,1,
2110,90.0,1,45.0,1,
2111,90.0,1,45.0,1,
2112,90.0,1,45.0,1,
2113,90.0,1,45.0,1,
2114,45.0,2,
2115,90.0,1,45.0,2,
2116,90.0,1,45.0,2,
2117,45.0,3,
2118,45.0,1,
2119,45.0,1,
2120,45.0,1,
2121,45.0,2,
2122,45.0,2,
2123,45.0,2,
2124,45.0,2,
2125,45.0,2,
2130,45.0,1,
2131,0.0,1,
114,0.0,1,
116,0.0,1,
117,0.0,1,
119,0.0,1,
121,0.0,2,
122,0.0,1,
123,0.0,1,
124,0.0,1,
129,0.0,2,
132,0.0,1,
2201,45.0,1,
2202,45.0,1,
2203,45.0,1,
2204,90.0,1,45.0,1,
2205,90.0,1,
2206,45.0,1,
2207,90.0,1,45.0,1,
2208,45.0,2,
2209,90.0,1,45.0,2,
2210,90.0,1,45.0,2,
2211,45.0,3,
2212,90.0,1,45.0,2,
2213,45.0,3,
2214,45.0,3,
2215,45.0,3,
2216,45.0,2,
2217,45.0,2,
2218,45.0,2,
2219,45.0,2,
2220,45.0,2,
2221,45.0,1,
2228,45.0,1,
2229,45.0,1,
2230,45.0,1,
214,0.0,1,
216,0.0,1,
217,0.0,1,
219,0.0,1,
221,0.0,2,
222,0.0,1,
223,0.0,1,
224,0.0,1,
229,0.0,2,
232,0.0,1,
2305,45.0,1,
2306,45.0,1,
2307,45.0,1,
2308,45.0,1,
2324,45.0,1,
2325,45.0,1,
2326,45.0,1,
2327,45.0,1,
314,0.0,1,
316,0.0,1,
317,0.0,1,
319,0.0,1,
321,0.0,2,
322,0.0,1,
323,0.0,1,
324,0.0,1,
329,0.0,2,
332,0.0,1,
2409,45.0,1,
2410,45.0,1,
2411,45.0,1,
2412,45.0,1,
2413,45.0,1,
2414,45.0,1,
2415,45.0,1,
2416,45.0,1,
2417,45.0,1,
2418,45.0,1,
2419,45.0,1,
2420,45.0,1,
2421,45.0,1,
2422,45.0,1,
2423,45.0,1,
414,0.0,1,
416,0.0,1,
417,0.0,1,
419,0.0,1,
421,0.0,2,
422,0.0,1,
423,0.0,1,
424,0.0,1,
429,0.0,2,
432,0.0,1,
514,0.0,1,
516,0.0,1,
517,0.0,1,
519,0.0,1,
521,0.0,2,
522,0.0,1,
523,0.0,1,
524,0.0,1,
529,0.0,2,
532,0.0,1,
614,0.0,1,
616,0.0,1,
617,0.0,1,
619,0.0,1,
621,0.0,2,
622,0.0,1,
623,0.0,1,
624,0.0,1,
629,0.0,2,
632,0.0,1,
714,0.0,1,
716,0.0,1,
717,0.0,1,
719,0.0,1,
721,0.0,2,
722,0.0,1,
723,0.0,1,
724,0.0,1,
729,0.0,2,
732,0.0,1,
814,0.0,1,
816,0.0,1,
817,0.0,1,
819,0.0,1,
821,0.0,2,
822,0.0,1,
823,0.0,1,
824,0.0,1,
829,0.0,2,
832,0.0,1,
914,0.0,1,
916,0.0,1,
917,0.0,1,
919,0.0,1,
921,0.0,2,
922,0.0,1,
923,0.0,1,
924,0.0,1,
929,0.0,2,
932,0.0,1,
1014,0.0,1,
1016,0.0,1,
1017,0.0,1,
1019,0.0,1,
1021,0.0,2,
1022,0.0,1,
1023,0.0,1,
1024,0.0,1,
1029,0.0,2,
1032,0.0,1,
1114,0.0,1,
1116,0.0,1,
1117,0.0,1,
1119,0.0,1,
1121,0.0,2,
1122,0.0,1,
1123,0.0,1,
1124,0.0,1,
1129,0.0,2,
1132,0.0,1,
1214,0.0,1,
1216,0.0,1,
1217,0.0,1,
1219,0.0,1,
1221,0.0,2,
1222,0.0,1,
1223,0.0,1,
1224,0.0,1,
1229,0.0,2,
1232,0.0,1,
1314,0.0,1,
1316,0.0,1,
1317,0.0,1,
1319,0.0,1,
1321,0.0,2,
1322,0.0,1,
1323,0.0,1,
1324,0.0,1,
1329,0.0,2,
1332,0.0,1,
1414,0.0,1,
1416,0.0,1,
1417,0.0,1,
1419,0.0,1,
1421,0.0,2,
1422,0.0,1,
1423,0.0,1,
1424,0.0,1,
1429,0.0,2,
1432,0.0,1,
1514,0.0,1,
1516,0.0,1,
1517,0.0,1,
1519,0.0,1,
1521,0.0,2,
1522,0.0,1,
1523,0.0,1,
1524,0.0,1,
1529,0.0,2,
1532,0.0,1,
1602,45.0,1,
1603,45.0,1,
1604,45.0,1,
1605,45.0,1,
1614,0.0,1,
1615,-27.0,1,
1617,0.0,1,
1619,0.0,1,
1621,0.0,1,-27.0,1,
1622,0.0,1,
1623,0.0,1,
1624,0.0,1,
1629,0.0,2,
1632,0.0,1,
1700,0.0,1,
1701,45.0,1,
1703,45.0,1,
1704,45.0,1,
1705,45.0,1,
1706,45.0,1,
1707,45.0,1,
1708,45.0,1,
1709,90.0,1,
1710,90.0,1,
1711,45.0,1,
1712,90.0,1,
1713,90.0,1,
1714,0.0,1,45.0,1,
1717,-45.0,1,
1719,0.0,1,
1720,-45.0,1,
1721,0.0,2,
1722,0.0,1,
1723,0.0,1,
1724,0.0,1,
1729,0.0,2,
1732,0.0,1,
1800,45.0,2,
1801,45.0,2,
1802,45.0,3,
1803,45.0,4,
1804,45.0,3,
1805,45.0,3,
1806,45.0,3,
1807,45.0,2,
1808,90.0,1,
1814,0.0,1,45.0,1,
1815,45.0,1,
1816,45.0,1,
1818,45.0,1,
1819,45.0,1,-27.0,1,
1820,45.0,2,
1821,0.0,2,
1822,0.0,1,
1823,0.0,1,
1824,0.0,1,
1828,0.0,1,
1829,0.0,1,45.0,1,
1832,0.0,1,
1900,27.0,1,45.0,3,
1901,45.0,4,
1902,45.0,2,
1903,45.0,1,
1904,90.0,1,45.0,1,
1905,90.0,1,45.0,1,
1906,90.0,1,45.0,2,
1907,90.0,1,45.0,2,
1908,90.0,1,45.0,2,
1909,90.0,1,45.0,2,
1910,90.0,1,45.0,2,
1911,90.0,1,45.0,2,
1912,90.0,1,45.0,2,
1913,90.0,2,45.0,2,
1914,90.0,1,45.0,2,
1915,90.0,1,45.0,1,
1916,90.0,1,45.0,1,
1917,45.0,3,
1918,45.0,3,
1919,0.0,1,45.0,2,
1920,45.0,2,
1921,-45.0,1,
1922,45.0,1,
1924,0.0,1,
1927,45.0,1,
1928,0.0,2,
1932,0.0,1,
2000,0.0,1,27.0,1,
2001,45.0,3,
2002,45.0,3,
2003,45.0,3,
2004,45.0,2,
2005,45.0,2,
2007,45.0,2,
2008,90.0,1,45.0,1,
2009,90.0,2,45.0,1,
2010,90.0,1,45.0,1,
2011,90.0,2,
2012,90.0,1,45.0,1,
2013,45.0,1,
2014,45.0,1,
2015,45.0,1,
2016,45.0,1,
2017,45.0,1,
2018,0.0,1,90.0,1,
2019,45.0,1,
2020,45.0,1,
2022,45.0,1,
2023,45.0,1,
2024,45.0,1,
2025,45.0,1,
2026,0.0,1,45.0,1,
2027,45.0,2,
2032,0.0,1,
