516,90.0,1,45.0,2,
5,0.0,2,90.0,3,
6,90.0,6,
7,90.0,6,
520,0.0,1,
9,90.0,1,
10,-79.0,1,90.0,4,
11,-72.0,2,90.0,3,-68.0,1,
12,-72.0,3,-79.0,1,90.0,2,
13,72.0,2,90.0,4,
14,90.0,5,79.0,1,
15,72.0,2,90.0,2,79.0,2,
16,72.0,1,76.0,1,68.0,1,45.0,1,
17,45.0,1,63.0,2,
1717,90.0,1,45.0,2,
819,0.0,2,18.0,1,
517,0.0,1,45.0,2,
717,27.0,1,45.0,1,
1306,0.0,1,
518,45.0,3,
308,90.0,1,45.0,2,
1206,0.0,1,
1620,45.0,1,
519,45.0,3,
1006,0.0,1,
8,0.0,1,
2100,45.0,2,
606,0.0,1,
2102,72.0,1,90.0,1,76.0,1,
2103,90.0,3,
2104,90.0,3,
2105,90.0,2,
2106,-45.0,1,45.0,1,
2107,45.0,1,
411,90.0,1,
2109,45.0,1,
2110,68.0,1,
2111,45.0,1,79.0,1,
2112,72.0,1,90.0,1,
1120,0.0,4,
2114,-79.0,1,90.0,1,
2115,-72.0,1,90.0,1,
2116,90.0,1,
1605,0.0,4,-27.0,1,
1606,0.0,1,
1607,-27.0,1,45.0,1,
1608,51.0,1,45.0,2,
1609,45.0,1,
1610,72.0,2,90.0,1,45.0,1,
1611,72.0,1,90.0,1,76.0,1,
1612,90.0,2,45.0,1,
1613,90.0,1,79.0,1,
1614,-79.0,1,90.0,2,45.0,1,
1615,-63.0,2,90.0,1,-76.0,1,45.0,1,
1616,-63.0,1,45.0,2,
1105,0.0,5,
1618,45.0,3,
1107,0.0,3,45.0,1,
1108,0.0,1,18.0,1,45.0,1,
1621,45.0,1,
605,0.0,5,
1118,0.0,3,
1119,-45.0,1,-27.0,1,
608,0.0,1,-45.0,3,45.0,1,
609,-45.0,1,
1122,0.0,2,45.0,1,
616,45.0,1,
617,45.0,3,
618,27.0,1,45.0,2,
107,0.0,5,
108,0.0,1,90.0,1,45.0,1,
109,-72.0,1,-56.0,1,90.0,3,-63.0,1,
110,-72.0,1,-63.0,2,45.0,2,
116,72.0,1,59.0,1,63.0,1,
117,72.0,1,90.0,1,45.0,3,63.0,1,
118,56.0,1,53.0,1,63.0,1,
105,0.0,5,
106,0.0,1,
619,27.0,2,45.0,2,
705,0.0,5,
620,0.0,1,27.0,1,
706,0.0,1,
621,27.0,2,45.0,1,
1219,-45.0,2,
622,0.0,1,
1817,-63.0,1,90.0,1,-76.0,1,45.0,2,
2200,45.0,1,
2201,90.0,1,59.0,1,
2202,72.0,1,45.0,1,
2203,90.0,1,
2204,90.0,1,
2205,-72.0,1,90.0,1,
2206,-63.0,1,45.0,1,
1819,45.0,1,
1700,90.0,1,45.0,2,
1701,72.0,1,90.0,1,76.0,1,
1702,59.0,1,
1703,79.0,1,
1704,-79.0,1,
1705,0.0,1,-45.0,3,45.0,1,
1706,0.0,1,
1707,-63.0,1,90.0,1,-45.0,1,-27.0,1,
1708,45.0,2,63.0,1,
1709,72.0,1,51.0,1,
1710,72.0,1,45.0,2,
1711,56.0,1,45.0,1,
1712,90.0,3,45.0,1,
1713,90.0,3,
1714,90.0,3,
1715,-72.0,1,
1716,90.0,1,
1205,0.0,5,
1718,-72.0,1,-45.0,1,45.0,2,
1207,0.0,1,27.0,1,45.0,1,
1720,45.0,1,
1721,45.0,1,
1217,0.0,1,
1218,0.0,3,
707,0.0,1,-45.0,2,
1220,0.0,3,-27.0,1,
1221,0.0,1,-18.0,1,
1222,0.0,1,
119,45.0,1,
205,0.0,5,
718,0.0,1,45.0,1,
207,0.0,4,63.0,1,
208,56.0,1,-63.0,1,45.0,4,
209,45.0,3,
722,45.0,1,
206,0.0,1,
214,90.0,1,
217,90.0,1,53.0,1,45.0,1,
218,90.0,1,45.0,3,
719,34.0,1,27.0,2,45.0,1,
1317,0.0,1,-27.0,1,45.0,1,
720,0.0,2,
806,0.0,1,
721,0.0,1,45.0,1,
1319,0.0,1,-45.0,1,
1917,-63.0,2,
808,0.0,3,
1406,0.0,1,
1919,90.0,1,
2302,76.0,1,
2303,90.0,1,
2304,-79.0,1,
213,90.0,1,
1800,0.0,1,-63.0,1,45.0,2,
1801,90.0,2,
1802,56.0,1,72.0,1,63.0,1,
1803,90.0,2,76.0,1,
1804,90.0,2,-76.0,1,
1805,-45.0,1,45.0,3,
1806,0.0,1,45.0,1,
1807,72.0,1,0.0,1,-45.0,3,
1808,72.0,1,90.0,1,45.0,1,
1809,72.0,1,63.0,2,
1810,90.0,1,45.0,1,63.0,1,
1811,68.0,1,79.0,1,
1812,90.0,3,
1813,72.0,1,-79.0,1,
1814,-72.0,1,90.0,1,
1815,90.0,2,
1816,-79.0,1,90.0,1,45.0,1,
1305,0.0,5,
1818,-63.0,1,45.0,1,
1307,45.0,2,
1308,34.0,1,27.0,1,45.0,3,
1309,45.0,1,
219,45.0,3,
521,27.0,1,45.0,2,
805,0.0,5,
1318,0.0,1,-45.0,1,45.0,1,
807,0.0,3,-45.0,2,
1320,0.0,3,
1321,-45.0,1,-27.0,1,
1322,0.0,1,
306,0.0,1,
1601,79.0,1,
817,18.0,1,
818,45.0,2,
307,90.0,2,45.0,2,
820,0.0,3,45.0,1,
821,45.0,1,
310,90.0,3,45.0,1,
311,-72.0,1,-79.0,1,90.0,2,-76.0,1,-68.0,1,
312,-72.0,1,-79.0,1,90.0,4,
313,90.0,4,79.0,1,
314,72.0,2,90.0,2,76.0,1,79.0,1,
315,72.0,1,90.0,2,76.0,1,79.0,1,
316,72.0,1,68.0,1,63.0,1,
1418,45.0,2,
318,45.0,3,
319,45.0,3,
320,45.0,2,63.0,1,
1417,-63.0,1,-45.0,1,45.0,2,
1419,0.0,1,-45.0,1,-27.0,1,
822,0.0,2,27.0,1,
2017,90.0,1,
908,0.0,1,
1506,0.0,1,
2007,0.0,1,
2101,45.0,1,
506,0.0,1,
708,-45.0,2,45.0,1,-27.0,1,
1511,68.0,1,
1900,-63.0,1,27.0,1,45.0,4,
1901,59.0,1,68.0,1,45.0,1,
1902,56.0,1,90.0,1,45.0,1,
1903,90.0,1,
1904,45.0,1,
1905,0.0,1,90.0,2,
1906,90.0,1,45.0,3,
1907,-79.0,1,-45.0,1,45.0,2,
1908,56.0,1,0.0,1,
1909,56.0,1,45.0,1,
1910,72.0,3,45.0,1,
1911,72.0,1,90.0,1,63.0,1,
1912,90.0,3,
1913,90.0,2,
1914,90.0,3,45.0,1,
1915,-72.0,1,90.0,2,
1916,-63.0,1,-76.0,1,45.0,1,
1405,0.0,5,
1918,45.0,1,
1407,27.0,1,
1408,0.0,1,27.0,1,45.0,3,
1409,45.0,4,
1410,63.0,1,
406,0.0,1,
1820,45.0,1,
2113,-79.0,1,90.0,1,
1416,45.0,1,
905,0.0,5,
906,0.0,1,
907,0.0,5,
1420,0.0,1,-45.0,1,
1421,0.0,1,-45.0,1,
1422,0.0,1,
1005,0.0,5,
405,0.0,5,
918,0.0,2,45.0,1,
919,0.0,2,
920,0.0,4,
409,-56.0,1,-63.0,1,45.0,3,
410,-56.0,1,-63.0,1,90.0,3,45.0,1,
1007,0.0,5,
922,0.0,3,
415,90.0,1,59.0,1,45.0,1,
416,90.0,1,45.0,1,63.0,1,
417,56.0,2,51.0,1,
418,45.0,1,
419,45.0,3,
420,34.0,1,45.0,2,
421,45.0,2,
1520,0.0,1,-45.0,1,
1719,45.0,1,
1121,0.0,1,45.0,1,
1600,45.0,1,
1208,0.0,1,27.0,2,
1106,0.0,1,
305,0.0,5,
2000,27.0,1,45.0,3,
2001,56.0,2,63.0,1,
2002,72.0,1,76.0,1,45.0,1,
2003,90.0,2,79.0,1,
2004,-72.0,2,90.0,1,
2005,-72.0,1,90.0,3,
2006,-63.0,1,90.0,1,-45.0,1,45.0,1,
505,0.0,5,
2008,90.0,1,
2009,63.0,1,
2010,63.0,1,
2011,90.0,1,
2012,90.0,1,
2013,90.0,2,
2014,90.0,1,45.0,1,
2015,90.0,1,
2016,-68.0,1,
1505,0.0,5,
2018,-63.0,1,
1508,45.0,1,
1509,56.0,1,45.0,3,
1510,63.0,2,
1617,90.0,1,
1512,90.0,1,
508,45.0,4,
1515,90.0,1,45.0,1,
1516,-72.0,1,45.0,3,
1517,0.0,1,-56.0,1,45.0,1,
1518,45.0,1,
1519,0.0,2,-45.0,1,45.0,1,
1008,0.0,1,45.0,1,
1521,-45.0,1,45.0,1,
1619,90.0,1,-45.0,1,45.0,3,
510,45.0,1,
917,0.0,1,
1018,0.0,3,
1019,0.0,2,
1020,0.0,3,45.0,1,
509,90.0,1,45.0,5,
1022,0.0,3,
