14,0.0,1,
15,90.0,1,
16,90.0,2,
17,0.0,1,90.0,2,
18,90.0,3,
19,90.0,3,
20,90.0,2,
21,90.0,2,
22,0.0,2,90.0,1,
23,90.0,1,45.0,2,
24,0.0,1,45.0,2,
25,45.0,3,
26,45.0,3,
27,45.0,3,
28,45.0,3,
29,0.0,1,45.0,2,
30,0.0,1,45.0,1,
31,45.0,1,
32,0.0,1,
2100,45.0,1,
2101,45.0,1,
2103,45.0,2,
2104,45.0,2,
2105,45.0,1,
2106,45.0,2,
2107,90.0,1,45.0,2,
2108,90.0,1,
2109,90.0,1,
2110,90.0,1,
2111,90.0,1,
2112,90.0,1,
2113,90.0,1,
2114,45.0,1,
2115,90.0,1,
2116,45.0,1,
2117,0.0,1,45.0,1,
2118,45.0,1,
2121,0.0,1,45.0,1,
2122,45.0,1,
2124,0.0,1,
2129,0.0,2,
2132,0.0,1,
114,0.0,1,
116,0.0,1,
117,0.0,1,
119,0.0,1,
121,0.0,1,
122,0.0,2,
123,0.0,1,
124,0.0,1,
129,0.0,1,
130,0.0,1,
132,0.0,1,
2200,45.0,1,
2201,45.0,2,
2202,90.0,1,45.0,2,
2203,45.0,1,
2205,45.0,1,
2206,45.0,1,
2207,45.0,1,
2208,45.0,2,
2209,45.0,2,
2210,45.0,2,
2216,45.0,1,
2217,45.0,1,
2218,45.0,1,
2219,45.0,2,
2220,45.0,2,
2221,45.0,1,
2224,0.0,1,
2228,0.0,1,
2229,0.0,1,
2232,0.0,1,
214,0.0,1,
216,0.0,1,
217,0.0,1,
219,0.0,1,
221,0.0,1,
222,0.0,2,
223,0.0,1,
224,0.0,1,
229,0.0,1,
230,0.0,1,
232,0.0,1,
2300,45.0,1,
2301,0.0,1,45.0,1,
2302,45.0,1,
2303,45.0,1,
2304,90.0,1,45.0,1,
2305,90.0,1,
2306,90.0,1,
2308,45.0,1,
2309,45.0,1,
2311,45.0,2,
2312,45.0,2,
2313,90.0,1,45.0,2,
2314,90.0,1,45.0,2,
2315,90.0,1,45.0,2,
2316,45.0,2,
2317,45.0,2,
2318,45.0,1,
2322,45.0,1,
2323,45.0,1,
2327,45.0,1,
2328,0.0,1,45.0,1,
2332,0.0,1,
314,0.0,1,
316,0.0,1,
317,0.0,1,
319,0.0,1,
321,0.0,1,
322,0.0,2,
323,0.0,1,
324,0.0,1,
329,0.0,1,
330,0.0,1,
332,0.0,1,
2400,45.0,1,
2401,45.0,1,
2402,45.0,2,
2403,45.0,2,
2404,45.0,1,
2407,90.0,1,
2408,90.0,1,
2409,90.0,1,
2410,90.0,1,45.0,1,
2411,90.0,1,45.0,1,
2412,90.0,1,45.0,1,
2420,45.0,1,
2421,45.0,1,
2426,0.0,1,45.0,1,
2427,45.0,1,
2431,0.0,1,
414,0.0,1,
416,0.0,1,
417,0.0,1,
419,0.0,1,
421,0.0,1,
422,0.0,2,
423,0.0,1,
424,0.0,1,
429,0.0,1,
430,0.0,1,
432,0.0,1,
2501,45.0,1,
2502,45.0,1,
2504,45.0,1,
2505,45.0,2,
2506,45.0,2,
2507,45.0,1,
2513,45.0,1,
2514,45.0,1,
2515,45.0,1,
2516,45.0,1,
2517,45.0,1,
2518,45.0,1,
2519,45.0,1,
2523,45.0,1,
2524,45.0,2,
2525,45.0,2,
2526,45.0,1,
2530,0.0,1,
514,0.0,1,
516,0.0,1,
517,0.0,1,
519,0.0,1,
521,0.0,1,
522,0.0,2,
523,0.0,1,
524,0.0,1,
529,0.0,1,
530,0.0,1,
532,0.0,1,
2603,45.0,1,
2604,45.0,1,
2607,45.0,1,
2608,45.0,2,
2609,45.0,2,
2610,45.0,2,
2611,45.0,1,
2612,45.0,1,
2618,45.0,1,
2619,45.0,1,
2620,45.0,1,
2621,45.0,2,
2622,45.0,2,
2623,45.0,1,
2628,45.0,1,
2629,45.0,1,
614,0.0,1,
616,0.0,1,
617,0.0,1,
619,0.0,1,
621,0.0,1,
622,0.0,2,
623,0.0,1,
624,0.0,1,
629,0.0,1,
630,0.0,1,
632,0.0,1,
2705,45.0,1,
2706,45.0,1,
2707,45.0,1,
2711,45.0,1,
2712,45.0,1,
2713,45.0,2,
2714,45.0,2,
2715,45.0,2,
2716,45.0,2,
2717,45.0,2,
2718,45.0,1,
2719,45.0,1,
2720,45.0,1,
2726,45.0,1,
2727,45.0,1,
714,0.0,1,
716,0.0,1,
717,0.0,1,
719,0.0,1,
721,0.0,1,
722,0.0,2,
723,0.0,1,
724,0.0,1,
729,0.0,1,
730,0.0,1,
732,0.0,1,
2808,45.0,1,
2809,45.0,1,
2810,45.0,1,
2811,45.0,1,
2822,45.0,1,
2823,45.0,1,
2824,45.0,1,
2825,45.0,1,
814,0.0,1,
816,0.0,1,
817,0.0,1,
819,0.0,1,
821,0.0,1,
822,0.0,2,
823,0.0,1,
824,0.0,1,
829,0.0,1,
830,0.0,1,
832,0.0,1,
2912,45.0,1,
2913,45.0,1,
2914,45.0,1,
2915,45.0,1,
2916,45.0,1,
2917,45.0,1,
2918,45.0,1,
2919,45.0,1,
2920,45.0,1,
2921,45.0,1,
914,0.0,1,
916,0.0,1,
917,0.0,1,
919,0.0,1,
921,0.0,1,
922,0.0,2,
923,0.0,1,
924,0.0,1,
929,0.0,1,
930,0.0,1,
932,0.0,1,
1014,0.0,1,
1016,0.0,1,
1017,0.0,1,
1019,0.0,1,
1021,0.0,1,
1022,0.0,2,
1023,0.0,1,
1024,0.0,1,
1029,0.0,1,
1030,0.0,1,
1032,0.0,1,
1114,0.0,1,
1116,0.0,1,
1117,0.0,1,
1119,0.0,1,
1121,0.0,1,
1122,0.0,2,
1123,0.0,1,
1124,0.0,1,
1129,0.0,1,
1130,0.0,1,
1132,0.0,1,
1214,0.0,1,
1216,0.0,1,
1217,0.0,1,
1219,0.0,1,
1221,0.0,1,
1222,0.0,2,
1223,0.0,1,
1224,0.0,1,
1229,0.0,1,
1230,0.0,1,
1232,0.0,1,
1314,0.0,1,
1316,0.0,1,
1317,0.0,1,
1319,0.0,1,
1321,0.0,1,
1322,0.0,2,
1323,0.0,1,
1324,0.0,1,
1329,0.0,1,
1330,0.0,1,
1332,0.0,1,
1414,0.0,1,
1416,0.0,1,
1417,0.0,1,
1419,0.0,1,
1421,0.0,1,
1422,0.0,2,
1423,0.0,1,
1424,0.0,1,
1429,0.0,1,
1430,0.0,1,
1432,0.0,1,
1501,45.0,1,
1502,45.0,1,
1503,45.0,1,
1504,45.0,1,
1505,45.0,1,
1514,0.0,1,
1515,-27.0,1,
1517,0.0,1,
1519,0.0,1,
1521,-45.0,1,
1522,0.0,2,
1523,0.0,1,
1524,0.0,1,
1529,0.0,1,
1530,0.0,1,
1532,0.0,1,
1600,0.0,1,
1601,45.0,1,
1602,45.0,1,
1603,45.0,1,
1604,45.0,1,
1605,45.0,2,
1606,45.0,1,
1607,90.0,1,
1608,90.0,1,
1609,45.0,1,
1612,45.0,1,
1613,45.0,1,
1614,0.0,1,45.0,1,
1617,0.0,1,
1619,0.0,1,
1620,0.0,1,
1621,0.0,1,
1622,0.0,2,
1623,0.0,1,
1624,0.0,1,
1629,0.0,1,
1630,0.0,1,
1632,0.0,1,
1700,45.0,2,
1701,45.0,2,
1702,45.0,2,
1705,45.0,1,
1706,45.0,1,
1707,45.0,1,
1709,45.0,1,
1710,90.0,1,
1711,90.0,1,
1712,45.0,1,
1714,0.0,1,
1715,45.0,1,
1716,45.0,1,
1719,0.0,1,45.0,1,
1720,0.0,1,
1722,0.0,2,45.0,1,
1723,0.0,1,
1724,0.0,1,
1729,0.0,1,
1730,0.0,1,
1732,0.0,1,
1800,27.0,1,
1801,45.0,1,
1802,45.0,2,
1803,45.0,2,
1804,45.0,1,
1808,90.0,1,
1809,90.0,1,
1810,45.0,1,
1811,90.0,1,
1812,90.0,1,
1813,90.0,1,
1814,0.0,1,45.0,1,
1817,45.0,1,
1818,45.0,1,
1819,0.0,1,45.0,1,
1821,45.0,1,
1822,0.0,2,-45.0,1,
1824,0.0,1,
1829,0.0,1,
1830,0.0,1,
1832,0.0,1,
1900,45.0,1,
1901,45.0,2,
1902,45.0,2,
1903,90.0,1,
1904,45.0,1,
1905,90.0,1,45.0,1,
1906,90.0,1,
1907,90.0,1,
1908,45.0,1,
1909,90.0,1,
1910,90.0,1,
1911,90.0,1,
1912,90.0,1,
1913,90.0,1,45.0,1,
1914,90.0,1,45.0,1,
1915,90.0,1,
1916,90.0,1,
1919,0.0,1,
1920,45.0,1,
1921,45.0,1,
1922,0.0,2,
1924,0.0,1,
1929,0.0,1,
1930,0.0,1,
1932,0.0,1,
2000,0.0,1,
2004,45.0,1,
2005,45.0,2,
2006,90.0,1,45.0,1,
2007,90.0,1,
2008,90.0,1,
2009,90.0,1,
2010,90.0,1,
2011,45.0,1,
2012,45.0,1,
2017,45.0,1,
2018,0.0,1,90.0,1,
2019,45.0,2,
2022,0.0,2,
2024,0.0,1,
2029,0.0,1,
2030,0.0,1,
2032,0.0,1,
