5,0.0,2,90.0,3,
6,90.0,6,
7,90.0,6,
8,0.0,1,
13,45.0,1,
14,-72.0,1,90.0,1,-76.0,1,
15,-72.0,1,-63.0,2,90.0,2,45.0,1,
16,-72.0,1,-79.0,1,90.0,3,79.0,1,
17,56.0,1,72.0,2,90.0,3,
18,72.0,1,68.0,1,45.0,1,63.0,1,
19,90.0,1,45.0,1,63.0,1,
2100,34.0,1,
2101,59.0,1,45.0,1,
2102,72.0,1,45.0,1,
2103,90.0,1,79.0,1,
2104,-76.0,1,45.0,1,
2105,90.0,2,
2106,-63.0,1,45.0,1,
2107,-45.0,1,
2109,56.0,1,
2110,72.0,1,45.0,1,
2111,79.0,1,
2112,90.0,2,
2113,72.0,1,90.0,1,
2114,-79.0,1,90.0,1,
2115,90.0,1,-68.0,1,
2116,90.0,1,45.0,1,
2117,90.0,1,
2118,90.0,1,
2119,45.0,1,
105,0.0,5,
106,0.0,1,
107,0.0,5,
108,0.0,1,
113,-63.0,1,45.0,2,
114,-56.0,1,45.0,3,
115,45.0,2,
117,45.0,1,
118,56.0,1,45.0,1,63.0,1,
119,53.0,1,45.0,2,
120,45.0,2,
2200,45.0,1,
2201,45.0,1,
2202,76.0,1,
2203,90.0,2,
2204,-79.0,1,90.0,1,
2205,45.0,1,
2206,45.0,1,
2207,0.0,1,
2210,63.0,1,
2211,63.0,1,
2217,-72.0,1,
2218,90.0,1,
205,0.0,5,
206,0.0,1,
207,0.0,5,
208,0.0,1,
212,0.0,1,45.0,1,
213,-45.0,1,45.0,4,
214,0.0,2,45.0,1,
218,34.0,1,45.0,1,
219,45.0,2,
220,0.0,1,45.0,2,
221,45.0,1,
2301,63.0,1,
2302,90.0,1,
2305,90.0,1,
2306,-56.0,1,
2311,63.0,1,
2312,79.0,1,
2313,79.0,1,
2314,90.0,1,
2315,-79.0,1,
2316,-79.0,1,
2317,90.0,1,
305,0.0,5,
306,0.0,1,
307,0.0,5,
308,0.0,1,-63.0,3,-68.0,1,
309,-72.0,1,90.0,3,-76.0,2,
310,72.0,2,56.0,1,90.0,2,-72.0,1,
311,56.0,1,90.0,1,45.0,2,
312,0.0,2,-45.0,1,
313,0.0,1,-45.0,1,45.0,2,
314,0.0,1,45.0,2,
315,-56.0,1,-72.0,1,45.0,1,-79.0,1,
316,72.0,2,-63.0,1,90.0,1,45.0,1,56.0,1,
317,-72.0,1,76.0,2,45.0,2,
318,45.0,1,63.0,1,
319,27.0,2,45.0,1,
320,34.0,1,45.0,2,
321,27.0,2,
2402,90.0,1,
2403,90.0,1,
2404,90.0,1,
2405,90.0,1,
405,0.0,5,
406,0.0,1,
407,0.0,1,90.0,2,45.0,2,
408,-56.0,1,90.0,1,45.0,2,
409,45.0,1,
410,27.0,1,
411,0.0,2,45.0,2,
412,0.0,3,-45.0,1,
413,0.0,2,-45.0,1,
414,0.0,1,-45.0,2,
415,-45.0,1,45.0,2,
416,45.0,3,
417,0.0,1,45.0,3,
418,45.0,3,
419,27.0,1,45.0,2,
420,0.0,1,27.0,1,
421,27.0,1,45.0,2,
505,0.0,5,
506,0.0,1,
507,45.0,1,
508,45.0,1,
510,0.0,1,
511,0.0,2,-45.0,1,-27.0,1,
512,0.0,4,
513,0.0,3,45.0,1,
514,0.0,2,-45.0,1,
515,-45.0,2,-27.0,1,
517,0.0,1,34.0,1,
518,27.0,1,45.0,2,
519,18.0,1,27.0,1,45.0,1,
520,45.0,2,
521,18.0,2,
522,0.0,1,
605,0.0,5,
606,0.0,1,
608,0.0,1,45.0,3,
609,72.0,2,90.0,1,76.0,1,
610,-72.0,1,90.0,2,-45.0,1,
611,-63.0,1,-27.0,1,45.0,2,
612,0.0,4,
613,0.0,3,-27.0,1,
614,0.0,2,
615,0.0,3,
617,27.0,1,
618,27.0,2,
619,0.0,2,27.0,1,45.0,1,
620,0.0,2,27.0,1,
621,0.0,1,45.0,1,
622,0.0,1,
705,0.0,5,
706,0.0,1,
707,45.0,1,
708,0.0,2,-79.0,1,-45.0,1,45.0,1,
709,90.0,1,45.0,1,79.0,1,
710,72.0,1,90.0,1,
711,-72.0,1,-45.0,1,
712,0.0,3,
713,0.0,4,
714,0.0,2,
715,0.0,3,
717,45.0,1,
718,0.0,2,
719,45.0,2,
720,0.0,4,
721,45.0,1,
722,0.0,1,45.0,1,
805,0.0,5,
806,0.0,1,
807,0.0,1,-45.0,2,
808,0.0,2,-45.0,1,
809,45.0,1,
810,79.0,1,
811,-63.0,1,
812,0.0,3,
813,0.0,4,
814,0.0,2,
815,0.0,3,
817,0.0,1,
818,0.0,3,
819,0.0,1,45.0,1,
820,0.0,4,
821,0.0,1,
822,0.0,2,45.0,1,
905,0.0,5,
906,0.0,1,
907,0.0,4,
908,0.0,1,-45.0,1,
912,0.0,3,
913,0.0,4,
914,0.0,2,
915,0.0,3,
918,0.0,3,
919,0.0,1,18.0,1,
920,0.0,4,
922,0.0,3,
1005,0.0,5,
1006,0.0,1,
1007,0.0,4,
1008,0.0,2,
1012,0.0,3,
1013,0.0,4,
1014,0.0,2,
1015,0.0,3,
1018,0.0,3,
1019,0.0,1,-27.0,1,
1020,0.0,3,-45.0,1,
1022,0.0,3,
1105,0.0,5,
1106,0.0,1,
1107,0.0,4,45.0,1,
1108,0.0,2,
1112,0.0,4,
1113,0.0,4,
1114,0.0,2,
1115,0.0,3,
1117,0.0,1,
1118,0.0,3,
1119,0.0,1,-27.0,1,
1120,0.0,4,
1121,0.0,1,
1122,0.0,2,
1205,0.0,5,
1206,0.0,1,
1207,0.0,2,27.0,1,45.0,1,
1208,0.0,1,34.0,1,45.0,1,
1211,0.0,2,
1212,0.0,1,-45.0,1,45.0,1,
1213,0.0,3,-45.0,1,
1214,0.0,2,45.0,1,
1215,0.0,1,-45.0,1,
1217,0.0,1,-27.0,1,
1218,0.0,1,45.0,1,
1219,0.0,2,-45.0,1,
1220,0.0,2,-45.0,1,45.0,1,
1221,0.0,1,
1222,0.0,2,
1305,0.0,5,
1306,0.0,1,
1307,0.0,1,45.0,1,
1308,0.0,1,45.0,4,
1309,45.0,1,
1311,45.0,3,-27.0,1,
1312,45.0,2,
1313,0.0,4,-27.0,1,
1314,-45.0,1,45.0,1,
1315,0.0,2,
1317,-45.0,2,45.0,1,
1318,-45.0,1,45.0,1,
1319,0.0,2,-45.0,1,45.0,1,
1320,0.0,3,
1321,0.0,1,-45.0,1,
1322,-45.0,1,
1405,0.0,5,
1406,0.0,1,
1407,45.0,1,
1408,27.0,1,45.0,4,
1409,72.0,1,56.0,1,90.0,1,45.0,1,
1410,-72.0,1,90.0,2,
1411,0.0,1,-63.0,1,45.0,1,
1412,-45.0,1,45.0,1,
1413,-45.0,3,45.0,1,
1414,0.0,1,-45.0,1,45.0,1,
1415,0.0,2,
1416,45.0,1,
1417,-45.0,1,45.0,3,
1418,45.0,1,
1419,0.0,3,45.0,2,
1420,0.0,1,45.0,1,
1421,0.0,1,-45.0,1,45.0,1,
1422,0.0,1,
1505,0.0,5,
1506,0.0,1,
1507,90.0,1,45.0,1,
1508,34.0,1,45.0,1,53.0,1,
1509,45.0,2,
1510,-72.0,1,90.0,1,
1511,90.0,1,45.0,1,
1512,0.0,1,45.0,3,
1513,-45.0,1,45.0,2,
1514,0.0,1,-45.0,1,
1515,45.0,1,
1516,45.0,3,
1517,-56.0,1,0.0,1,
1518,0.0,1,45.0,1,
1519,0.0,1,-45.0,2,45.0,2,
1520,-45.0,1,
1521,0.0,1,-45.0,1,
1600,45.0,3,
1601,72.0,2,76.0,1,
1602,45.0,2,
1605,0.0,2,-45.0,3,
1606,0.0,1,
1607,0.0,1,90.0,2,
1608,45.0,4,
1609,90.0,1,45.0,1,
1610,45.0,1,
1611,45.0,1,
1612,72.0,1,56.0,1,-45.0,1,45.0,2,
1613,90.0,1,45.0,2,53.0,1,
1614,90.0,3,-45.0,1,45.0,1,
1615,-63.0,1,90.0,2,
1616,-63.0,1,45.0,2,
1617,45.0,1,
1618,0.0,1,-45.0,1,45.0,2,
1619,-45.0,1,45.0,2,
1620,-45.0,1,
1621,-45.0,1,-27.0,1,
1700,0.0,2,45.0,1,
1701,90.0,2,
1702,56.0,2,63.0,1,
1703,72.0,1,90.0,1,76.0,1,
1704,-63.0,1,90.0,1,-76.0,1,
1705,0.0,1,-45.0,1,45.0,3,
1706,0.0,1,45.0,1,
1707,0.0,1,72.0,1,-45.0,2,
1708,72.0,1,45.0,3,
1709,72.0,1,56.0,1,45.0,2,
1710,90.0,1,
1711,-72.0,1,45.0,1,
1712,45.0,1,
1713,0.0,1,90.0,1,45.0,1,
1714,90.0,1,-45.0,1,
1715,-63.0,1,
1716,90.0,1,
1717,90.0,2,45.0,1,
1718,-45.0,1,45.0,3,
1719,45.0,1,
1720,45.0,2,
1721,0.0,1,45.0,1,
1800,45.0,4,53.0,1,
1801,45.0,2,
1802,56.0,1,90.0,1,
1803,45.0,1,
1804,45.0,1,
1805,0.0,1,45.0,2,
1806,45.0,3,
1807,0.0,2,90.0,1,45.0,1,
1808,45.0,3,
1809,45.0,2,63.0,2,
1810,90.0,1,63.0,2,
1811,45.0,1,
1812,79.0,1,
1813,90.0,2,45.0,1,
1814,72.0,1,-68.0,1,
1815,-72.0,1,45.0,1,
1816,90.0,1,45.0,1,
1817,-63.0,1,45.0,3,
1818,0.0,1,-63.0,1,
1819,45.0,1,
1820,0.0,1,45.0,1,
1900,27.0,1,45.0,2,
1901,56.0,1,63.0,1,53.0,1,79.0,1,
1902,72.0,1,90.0,1,45.0,2,
1903,72.0,1,90.0,1,
1904,-72.0,1,-63.0,1,
1905,-72.0,1,90.0,2,-27.0,1,45.0,1,
1906,-63.0,1,-45.0,1,45.0,2,
1907,-27.0,1,45.0,1,
1908,56.0,1,45.0,1,
1909,45.0,2,
1910,90.0,1,45.0,1,63.0,1,
1911,72.0,2,76.0,1,
1912,72.0,1,90.0,1,76.0,1,45.0,1,
1913,90.0,4,
1914,90.0,3,
1915,90.0,3,45.0,1,
1916,-72.0,3,90.0,1,
1917,-72.0,1,-56.0,1,45.0,1,
1919,45.0,1,
1920,-45.0,1,
2000,45.0,3,
2001,63.0,1,
2002,72.0,1,90.0,2,59.0,1,
2003,90.0,3,
2004,90.0,3,45.0,1,
2005,90.0,2,45.0,1,
2006,-45.0,1,45.0,1,
2007,-27.0,1,45.0,1,
2008,45.0,1,
2009,45.0,1,63.0,1,
2010,90.0,1,45.0,1,
2011,56.0,1,
2012,45.0,1,
2013,90.0,1,
2014,90.0,1,
2015,90.0,1,
2016,-63.0,1,
2017,90.0,1,45.0,1,
2018,-72.0,1,
2019,45.0,1,
