5,0.0,1,90.0,1,45.0,1,
6,90.0,4,
7,90.0,4,
8,0.0,1,
13,90.0,1,-68.0,1,45.0,1,
14,-72.0,2,-79.0,1,90.0,2,45.0,1,
15,-72.0,1,-79.0,1,90.0,3,79.0,1,
16,72.0,2,68.0,1,90.0,2,76.0,1,
17,76.0,1,90.0,1,68.0,1,45.0,2,
18,56.0,1,72.0,1,90.0,1,
19,45.0,1,
2100,0.0,1,
2101,56.0,1,90.0,2,
2102,90.0,1,63.0,1,
2103,90.0,1,
2104,-72.0,1,
2105,0.0,1,-76.0,1,45.0,1,
2106,-63.0,1,
2107,90.0,2,45.0,1,
2111,45.0,1,
2112,45.0,1,
2113,90.0,1,
2114,68.0,1,45.0,2,
2116,90.0,1,
2117,45.0,3,
2118,-72.0,1,
2119,0.0,1,45.0,1,
2120,0.0,1,45.0,1,
105,0.0,3,90.0,2,
106,0.0,1,90.0,2,
107,0.0,3,90.0,2,
108,0.0,1,
113,0.0,2,45.0,1,
114,0.0,2,45.0,1,
117,72.0,1,53.0,1,63.0,1,
118,90.0,1,63.0,1,
119,90.0,1,45.0,1,63.0,1,
120,45.0,1,
2200,45.0,3,
2201,90.0,1,45.0,1,
2202,90.0,1,45.0,2,
2203,79.0,1,
2204,-79.0,1,
2205,45.0,3,
2206,45.0,1,
2207,0.0,2,45.0,1,
2208,72.0,2,
2209,90.0,1,
2212,63.0,1,
2213,45.0,2,
2214,0.0,1,45.0,1,
2215,79.0,1,
2216,90.0,2,45.0,1,
2217,90.0,1,45.0,1,
2219,0.0,2,45.0,1,
2220,45.0,1,
205,0.0,5,
206,0.0,1,
207,0.0,5,
208,0.0,1,
213,0.0,1,18.0,1,45.0,1,
214,18.0,1,27.0,1,90.0,1,
215,56.0,1,90.0,1,
216,90.0,1,
217,90.0,1,
218,45.0,2,63.0,1,
219,45.0,1,63.0,1,
220,45.0,2,
2300,45.0,3,
2301,63.0,1,
2302,63.0,2,
2303,45.0,1,
2304,-72.0,1,45.0,1,
2306,90.0,1,
2307,0.0,2,
2309,90.0,2,
2310,72.0,1,90.0,1,
2311,90.0,1,45.0,1,
2313,56.0,1,
2314,90.0,1,45.0,1,63.0,1,
2315,90.0,2,
2316,90.0,1,45.0,1,
2318,45.0,1,
2319,0.0,1,90.0,1,45.0,1,
305,0.0,5,
306,0.0,1,
307,0.0,5,
308,0.0,1,
313,45.0,2,63.0,1,
314,90.0,1,27.0,2,45.0,1,
315,72.0,1,90.0,2,-76.0,1,45.0,1,
316,90.0,1,45.0,1,79.0,1,
317,90.0,1,45.0,1,63.0,1,
318,27.0,1,45.0,3,
319,45.0,2,
320,45.0,2,
321,27.0,1,
2400,0.0,1,45.0,1,
2401,90.0,1,
2402,76.0,1,
2403,90.0,3,
2404,90.0,2,
2405,-76.0,1,
2406,0.0,1,
2407,0.0,1,
2411,45.0,2,
2414,72.0,1,
2415,90.0,1,
2416,90.0,1,
2417,90.0,1,
2418,-72.0,1,0.0,1,
2419,45.0,1,
405,0.0,5,
406,0.0,1,
407,0.0,5,
408,0.0,1,
413,45.0,1,
414,-72.0,1,90.0,1,45.0,1,
415,90.0,2,45.0,1,
416,45.0,2,63.0,1,
417,56.0,1,45.0,1,
418,45.0,2,
419,0.0,2,45.0,2,
420,45.0,2,
421,27.0,1,45.0,1,
2500,45.0,2,
2501,45.0,1,
2506,45.0,2,
2512,63.0,2,
2518,90.0,1,45.0,1,
505,0.0,5,
506,0.0,1,
507,0.0,5,
508,0.0,1,
516,90.0,1,45.0,1,
517,34.0,1,45.0,2,
518,45.0,2,
519,18.0,1,27.0,1,45.0,2,
520,45.0,1,
521,0.0,2,34.0,1,
522,45.0,1,
2601,63.0,2,
2605,45.0,2,
2606,45.0,2,
2612,45.0,2,
2613,90.0,2,
2617,90.0,1,45.0,1,
2618,90.0,1,
605,0.0,5,
606,0.0,1,
607,0.0,5,
608,0.0,1,
610,90.0,1,
611,-68.0,1,45.0,1,
612,-72.0,1,-76.0,1,79.0,1,
613,56.0,1,90.0,1,79.0,1,
614,72.0,1,90.0,1,
615,45.0,1,
617,45.0,3,
618,0.0,1,27.0,1,
619,0.0,1,45.0,4,
620,45.0,1,
621,27.0,1,45.0,1,
622,45.0,1,
2701,45.0,1,
2702,72.0,2,
2703,90.0,1,45.0,1,
2704,90.0,2,
2705,-63.0,1,90.0,1,
2713,90.0,2,
2714,72.0,1,90.0,1,
2715,90.0,1,
2716,-72.0,1,90.0,1,
2717,-63.0,1,45.0,1,
705,0.0,5,
706,0.0,1,
707,0.0,5,
708,0.0,1,
710,-45.0,1,
711,0.0,1,-63.0,1,
712,90.0,1,45.0,1,
713,90.0,1,76.0,1,
714,72.0,1,90.0,1,27.0,1,
715,45.0,2,
716,45.0,1,
717,0.0,2,18.0,1,
718,45.0,1,
719,0.0,2,18.0,1,45.0,2,
720,0.0,1,45.0,3,
721,0.0,1,27.0,1,
722,0.0,1,
2803,90.0,1,
2815,90.0,1,
805,0.0,5,
806,0.0,1,
807,0.0,5,
808,0.0,1,
809,-45.0,1,
810,0.0,1,45.0,1,
811,-63.0,1,90.0,2,45.0,2,
812,90.0,2,
813,90.0,2,45.0,1,
814,34.0,1,63.0,1,
815,34.0,1,45.0,1,
816,27.0,1,
817,0.0,2,
818,0.0,1,
819,0.0,1,18.0,1,
820,0.0,3,27.0,1,
821,0.0,1,27.0,1,
822,0.0,1,
905,0.0,5,
906,0.0,1,
907,0.0,5,
908,0.0,1,
909,-27.0,1,
910,0.0,1,90.0,1,-45.0,1,45.0,2,
911,0.0,1,-56.0,1,45.0,2,
912,45.0,1,63.0,1,
913,90.0,2,45.0,2,
914,90.0,1,27.0,1,45.0,2,
915,0.0,1,45.0,1,
916,0.0,1,27.0,1,
918,0.0,2,45.0,1,
919,0.0,2,
920,0.0,3,27.0,1,
921,0.0,1,45.0,1,
922,0.0,2,
1005,0.0,5,
1006,0.0,1,
1007,0.0,5,
1008,0.0,1,
1009,0.0,1,
1010,0.0,2,-45.0,1,-27.0,1,45.0,1,
1011,-27.0,1,
1012,-45.0,1,45.0,2,
1013,0.0,1,68.0,1,
1014,0.0,2,45.0,3,
1015,0.0,1,45.0,1,
1016,0.0,2,45.0,1,
1018,0.0,2,45.0,1,
1019,45.0,2,
1020,0.0,4,
1021,45.0,1,
1022,0.0,3,
1105,0.0,5,
1106,0.0,1,
1107,0.0,5,
1108,0.0,1,
1109,0.0,1,
1110,0.0,3,-45.0,1,45.0,1,
1111,0.0,1,
1112,0.0,1,-63.0,1,-27.0,1,
1113,0.0,1,63.0,1,
1114,0.0,2,18.0,1,45.0,1,
1115,0.0,1,45.0,1,
1116,0.0,2,27.0,1,
1118,0.0,3,
1119,0.0,2,
1120,0.0,4,
1122,0.0,3,
1205,0.0,5,
1206,0.0,1,
1207,0.0,4,34.0,1,
1208,45.0,1,
1209,0.0,2,45.0,1,
1210,0.0,2,27.0,1,45.0,1,
1211,27.0,1,
1212,0.0,2,90.0,2,45.0,2,
1213,0.0,1,
1214,0.0,1,27.0,1,-45.0,1,45.0,1,
1215,0.0,2,45.0,1,
1216,0.0,3,
1217,0.0,1,
1218,0.0,2,
1219,0.0,1,-45.0,1,45.0,1,
1220,0.0,3,-45.0,1,
1222,0.0,2,-45.0,1,
1305,0.0,5,
1306,0.0,1,
1307,0.0,3,45.0,2,
1308,27.0,1,45.0,1,63.0,1,
1309,0.0,1,18.0,1,45.0,2,
1310,0.0,3,
1311,45.0,4,
1312,0.0,1,27.0,1,45.0,2,-45.0,1,
1313,90.0,1,45.0,2,
1314,27.0,1,45.0,1,-27.0,2,
1315,0.0,1,45.0,1,
1316,0.0,1,-45.0,1,45.0,1,
1317,-27.0,1,
1318,0.0,2,
1319,0.0,1,-45.0,1,-27.0,1,45.0,1,
1320,0.0,3,
1321,0.0,1,
1322,0.0,3,
1405,0.0,5,
1406,0.0,1,
1407,0.0,3,
1408,45.0,1,63.0,1,
1409,0.0,2,90.0,1,45.0,1,
1410,72.0,1,0.0,1,18.0,1,
1411,0.0,2,45.0,2,
1412,0.0,1,45.0,2,
1413,0.0,2,45.0,2,
1414,0.0,1,-45.0,1,45.0,1,
1415,0.0,1,45.0,1,
1416,0.0,3,
1417,-45.0,1,
1418,0.0,2,
1419,0.0,2,-27.0,2,
1420,0.0,2,
1421,0.0,1,
1422,0.0,2,
1501,90.0,2,
1505,0.0,4,-45.0,1,45.0,1,
1506,0.0,1,
1507,0.0,2,90.0,1,
1508,90.0,1,27.0,1,
1509,0.0,2,68.0,1,
1510,0.0,1,-63.0,1,
1511,0.0,2,
1512,45.0,2,
1513,0.0,2,90.0,1,45.0,1,
1514,0.0,1,45.0,1,
1515,0.0,3,45.0,1,
1516,0.0,2,45.0,1,
1517,45.0,1,
1518,0.0,2,45.0,2,
1519,0.0,2,-45.0,1,45.0,1,
1520,0.0,2,
1521,0.0,1,-45.0,1,-27.0,1,
1522,45.0,1,
1600,45.0,2,
1601,45.0,1,
1602,56.0,1,45.0,1,
1604,45.0,1,
1605,0.0,3,45.0,2,-27.0,1,
1607,0.0,1,-79.0,1,45.0,2,
1608,0.0,1,68.0,1,45.0,1,
1609,72.0,1,0.0,2,90.0,1,45.0,1,
1610,72.0,1,0.0,1,
1611,0.0,1,90.0,1,45.0,1,
1612,90.0,1,45.0,1,
1613,0.0,1,56.0,1,45.0,2,
1614,45.0,1,
1615,56.0,1,0.0,2,90.0,1,-45.0,1,
1616,90.0,1,-45.0,1,45.0,1,
1617,90.0,1,
1618,0.0,3,45.0,1,
1619,0.0,1,-45.0,1,
1620,0.0,2,
1621,0.0,1,-45.0,1,45.0,1,
1700,0.0,1,45.0,2,
1701,79.0,1,
1702,63.0,1,
1703,72.0,1,90.0,1,
1704,-72.0,1,-63.0,1,
1705,0.0,3,-45.0,1,
1706,-45.0,1,
1707,0.0,3,45.0,2,
1708,59.0,1,
1709,0.0,1,72.0,1,90.0,1,45.0,2,
1710,-72.0,1,79.0,1,
1711,0.0,1,45.0,2,
1712,27.0,1,45.0,1,
1713,45.0,4,
1714,0.0,1,90.0,1,
1715,0.0,2,90.0,1,45.0,2,
1716,45.0,1,
1717,90.0,1,
1718,-45.0,1,45.0,3,
1719,0.0,1,
1720,0.0,1,45.0,2,
1721,0.0,1,-45.0,1,45.0,1,
1800,45.0,3,
1801,45.0,1,
1802,59.0,1,
1804,90.0,1,
1805,0.0,3,90.0,1,
1806,45.0,2,
1807,45.0,1,-27.0,1,
1808,45.0,2,
1809,0.0,1,76.0,1,45.0,1,
1810,45.0,1,79.0,1,
1811,0.0,1,56.0,1,90.0,1,45.0,1,
1812,45.0,4,
1813,45.0,2,
1814,45.0,2,
1815,0.0,2,-45.0,1,79.0,1,
1816,90.0,1,
1817,90.0,1,45.0,1,
1818,0.0,3,45.0,1,
1819,90.0,1,
1820,0.0,2,-45.0,1,45.0,1,
1821,0.0,1,
1900,34.0,1,45.0,2,
1901,72.0,1,90.0,1,59.0,1,
1902,72.0,1,
1903,90.0,1,
1904,90.0,1,45.0,1,
1905,0.0,2,-63.0,1,90.0,1,-45.0,1,
1906,-63.0,1,45.0,1,
1907,0.0,1,-45.0,1,
1908,56.0,1,90.0,2,
1909,90.0,2,
1910,45.0,2,
1912,90.0,2,45.0,1,63.0,1,
1913,90.0,1,
1914,45.0,2,63.0,1,
1915,0.0,1,90.0,1,45.0,2,
1916,45.0,1,
1917,0.0,1,-56.0,1,45.0,1,
1918,0.0,1,90.0,1,45.0,1,
1919,45.0,1,
1920,0.0,1,-45.0,1,45.0,1,
1921,-45.0,1,
2000,45.0,2,
2001,45.0,2,
2002,79.0,1,63.0,1,
2003,90.0,2,
2004,-79.0,1,90.0,1,45.0,1,
2005,0.0,2,45.0,2,
2006,45.0,1,
2007,0.0,1,45.0,1,
2008,45.0,1,
2009,90.0,1,76.0,1,
2010,90.0,1,45.0,1,
2011,90.0,1,
2012,45.0,1,
2013,56.0,1,72.0,1,
2014,0.0,2,90.0,1,45.0,1,
2015,90.0,1,76.0,1,
2016,90.0,2,-76.0,1,
2017,0.0,2,-63.0,1,90.0,1,
2019,-63.0,1,
2020,0.0,2,45.0,1,
2021,45.0,1,
