9,90.0,1,-76.0,2,45.0,1,
10,-79.0,1,90.0,1,-76.0,2,
11,-79.0,1,90.0,3,-76.0,1,
12,-79.0,1,90.0,4,-76.0,1,
13,-72.0,1,-63.0,2,90.0,3,
14,72.0,1,90.0,3,76.0,1,79.0,1,
15,90.0,4,76.0,1,79.0,1,
16,72.0,1,76.0,2,90.0,2,68.0,1,
17,90.0,5,76.0,1,
18,90.0,1,63.0,2,
19,90.0,2,45.0,1,
20,90.0,2,
21,90.0,1,
2102,0.0,1,45.0,1,
2103,45.0,2,
2104,53.0,1,
2105,45.0,3,
2106,45.0,2,
2109,-72.0,1,45.0,2,
2110,90.0,1,45.0,2,
2112,63.0,1,
2113,72.0,1,
2115,45.0,2,
2116,45.0,2,
2118,90.0,1,
2119,-63.0,1,
2120,90.0,1,45.0,2,
2121,45.0,2,
2124,-45.0,2,
101,-72.0,1,90.0,2,-76.0,1,
102,-72.0,1,-79.0,1,90.0,1,-76.0,2,
103,-63.0,1,90.0,5,
104,90.0,4,76.0,1,79.0,1,
105,72.0,1,90.0,2,76.0,1,63.0,2,
106,45.0,1,
107,-63.0,2,45.0,1,
108,-72.0,1,-63.0,1,90.0,1,-68.0,1,
109,-72.0,1,90.0,1,45.0,1,
110,90.0,2,
111,-63.0,1,45.0,1,
117,72.0,1,90.0,1,63.0,1,
118,56.0,2,53.0,1,
119,56.0,1,45.0,1,
120,45.0,1,
121,45.0,1,63.0,1,
122,45.0,1,63.0,1,
123,45.0,1,
2203,27.0,1,45.0,1,
2205,72.0,1,
2206,90.0,1,45.0,2,
2207,90.0,1,63.0,2,
2208,-63.0,1,90.0,1,-76.0,1,
2209,90.0,1,45.0,1,
2212,90.0,1,45.0,1,
2213,45.0,1,
2214,76.0,1,
2215,90.0,1,
2216,90.0,3,
2217,-76.0,1,63.0,2,
2218,90.0,3,
2219,-63.0,1,90.0,1,
2220,45.0,1,
2223,45.0,2,
2224,45.0,2,
200,-56.0,1,-63.0,3,45.0,1,
201,-63.0,2,90.0,2,45.0,2,
202,-63.0,1,
203,45.0,1,
205,90.0,2,45.0,2,
206,90.0,1,53.0,1,68.0,1,45.0,1,63.0,2,
207,0.0,2,-63.0,1,-45.0,1,45.0,1,63.0,1,
208,45.0,2,
209,45.0,2,
212,-56.0,1,-63.0,1,45.0,1,
213,90.0,2,-76.0,1,45.0,1,
214,-76.0,1,90.0,2,76.0,1,
215,72.0,1,90.0,1,76.0,1,79.0,1,
216,90.0,1,76.0,1,45.0,1,
217,90.0,1,
218,45.0,3,
219,45.0,2,37.0,1,
220,45.0,1,
221,45.0,1,
223,45.0,2,
224,45.0,1,
2303,45.0,2,
2304,45.0,2,
2311,45.0,1,
2312,0.0,2,
2313,45.0,2,
2322,45.0,2,
2323,45.0,2,
300,0.0,1,-63.0,1,34.0,1,37.0,1,45.0,1,31.0,1,
302,90.0,1,-76.0,2,
303,-72.0,1,90.0,3,
304,72.0,1,90.0,2,76.0,1,
306,45.0,1,
307,45.0,3,
308,-63.0,2,90.0,1,45.0,2,
309,-79.0,1,90.0,3,
310,72.0,1,56.0,1,90.0,1,63.0,1,
311,63.0,1,
312,0.0,1,34.0,1,45.0,1,
313,45.0,4,
314,45.0,1,
315,0.0,1,45.0,1,
316,90.0,1,59.0,1,45.0,1,63.0,2,
317,90.0,1,76.0,1,45.0,2,63.0,1,
318,56.0,1,90.0,1,63.0,1,
319,0.0,1,45.0,1,63.0,2,
320,0.0,1,34.0,1,27.0,1,90.0,1,63.0,1,
321,27.0,1,
322,45.0,1,
324,27.0,1,45.0,1,
2404,45.0,2,
2405,63.0,2,
2410,90.0,2,
2411,-63.0,1,45.0,1,
2414,63.0,2,
2415,90.0,2,
2420,45.0,2,
2421,-63.0,1,90.0,1,
2422,90.0,1,45.0,1,
400,0.0,1,45.0,5,
401,90.0,3,-76.0,1,45.0,1,
402,90.0,1,-76.0,1,45.0,2,
403,-63.0,1,90.0,1,
404,90.0,3,45.0,3,
405,90.0,1,53.0,1,45.0,3,63.0,1,
406,45.0,3,
408,0.0,2,-45.0,2,
409,45.0,1,
410,0.0,1,45.0,3,
411,0.0,2,90.0,2,45.0,2,
412,90.0,1,27.0,1,63.0,1,
413,0.0,3,45.0,2,
414,27.0,1,
415,45.0,2,
416,0.0,2,
417,45.0,2,37.0,1,
418,27.0,1,45.0,2,
419,45.0,1,
420,18.0,1,27.0,2,45.0,1,
421,45.0,2,
422,27.0,1,
424,45.0,2,
425,0.0,2,
2506,90.0,2,
2507,90.0,2,
2508,90.0,2,
2509,90.0,2,
2510,45.0,1,
2516,90.0,2,
2517,90.0,2,
2518,90.0,2,
2519,90.0,2,
2520,90.0,2,
501,90.0,1,45.0,2,
502,45.0,1,
505,45.0,1,
506,0.0,2,34.0,1,27.0,1,45.0,2,
507,45.0,2,
508,0.0,1,18.0,1,27.0,1,31.0,1,
509,45.0,2,
510,0.0,2,-45.0,1,45.0,1,
511,0.0,2,-27.0,1,
512,45.0,1,-27.0,1,
513,0.0,5,
514,0.0,1,45.0,1,
516,0.0,1,45.0,1,
517,0.0,1,
518,0.0,2,27.0,1,
519,27.0,1,
520,0.0,3,
521,45.0,1,
522,0.0,1,27.0,1,45.0,1,
525,0.0,1,45.0,1,
606,34.0,1,27.0,1,18.0,1,31.0,1,
607,0.0,1,27.0,1,
608,90.0,2,45.0,1,
609,72.0,1,90.0,2,53.0,1,
610,0.0,1,-63.0,2,90.0,1,27.0,1,76.0,1,
611,90.0,1,
612,-37.0,1,45.0,1,-45.0,1,
613,0.0,2,-45.0,1,45.0,1,
614,45.0,1,-18.0,1,
616,0.0,2,
617,-45.0,1,-27.0,1,
618,0.0,1,-27.0,1,
619,-27.0,1,
620,0.0,1,-27.0,2,
622,0.0,3,
625,0.0,2,
706,45.0,4,
707,56.0,1,0.0,1,34.0,1,45.0,2,53.0,1,
710,45.0,2,
711,-63.0,2,90.0,1,45.0,1,63.0,1,
712,-63.0,1,90.0,1,45.0,3,
713,-45.0,1,45.0,2,
714,45.0,1,
715,45.0,1,
716,0.0,2,45.0,2,
717,45.0,3,
718,45.0,1,
719,-45.0,2,45.0,1,
720,0.0,2,-45.0,1,
722,0.0,2,-27.0,1,
725,0.0,2,
807,45.0,4,
808,72.0,1,27.0,2,76.0,1,53.0,1,79.0,1,
809,72.0,1,90.0,3,
810,-72.0,1,90.0,2,
811,90.0,3,45.0,1,
812,-63.0,1,
813,45.0,1,
814,-79.0,1,90.0,1,
815,-72.0,1,90.0,1,-45.0,1,-76.0,1,45.0,1,
816,-56.0,1,-63.0,2,
817,45.0,1,
818,-56.0,1,45.0,1,
819,-45.0,2,45.0,2,
820,0.0,1,
821,-45.0,1,45.0,1,
822,0.0,2,45.0,1,
825,0.0,1,-45.0,1,
908,45.0,2,
909,90.0,1,63.0,2,
910,90.0,1,45.0,1,
911,90.0,1,
913,90.0,1,
914,0.0,2,90.0,2,45.0,1,
915,90.0,2,45.0,1,
916,-76.0,1,
917,-56.0,1,-63.0,1,-76.0,1,
918,-72.0,3,
919,45.0,1,
920,45.0,2,
921,45.0,3,
924,0.0,1,-45.0,1,
925,45.0,1,
1010,90.0,2,
1011,90.0,1,63.0,1,
1012,90.0,2,
1013,90.0,1,45.0,1,
1014,0.0,1,37.0,1,39.0,1,
1015,0.0,1,
1017,90.0,1,45.0,2,63.0,1,
1018,56.0,1,90.0,1,51.0,1,53.0,1,45.0,1,
1019,-63.0,2,90.0,1,45.0,1,
1020,-63.0,2,90.0,1,
1023,45.0,1,
1024,0.0,1,45.0,1,
1114,90.0,1,45.0,2,
1115,72.0,1,76.0,1,27.0,1,68.0,1,
1116,72.0,1,56.0,1,53.0,1,45.0,1,
1117,0.0,2,
1118,90.0,1,
1119,63.0,1,45.0,2,39.0,1,
1120,53.0,1,
1122,90.0,2,
1123,-63.0,1,45.0,1,
1216,90.0,1,45.0,2,
1217,0.0,2,63.0,1,45.0,2,37.0,1,
1218,45.0,1,
1219,0.0,1,45.0,1,
1220,34.0,1,27.0,2,
1221,45.0,1,37.0,1,
1222,45.0,1,63.0,1,
1308,0.0,1,
1309,90.0,3,
1310,90.0,3,
1311,45.0,1,
1317,0.0,1,34.0,1,45.0,3,
1318,90.0,1,27.0,1,45.0,2,63.0,1,
1319,90.0,2,45.0,1,
1320,18.0,1,27.0,2,
1321,45.0,1,
1322,0.0,1,
1323,45.0,1,63.0,1,
1324,45.0,1,
1408,0.0,1,
1409,0.0,2,45.0,1,
1410,0.0,2,90.0,1,
1411,0.0,1,90.0,1,
1412,45.0,1,
1417,45.0,1,
1418,0.0,2,18.0,1,
1419,34.0,1,45.0,1,
1420,0.0,3,45.0,1,63.0,1,
1421,45.0,1,
1422,14.0,1,
1424,45.0,2,
1503,90.0,1,45.0,1,
1504,0.0,1,45.0,1,
1508,0.0,1,-18.0,1,
1509,0.0,2,
1510,45.0,1,
1511,27.0,1,14.0,2,
1512,0.0,1,
1517,0.0,1,-18.0,1,
1518,0.0,2,
1519,45.0,1,
1520,0.0,2,-18.0,1,
1521,45.0,2,
1522,0.0,1,
1524,0.0,1,45.0,1,
1525,0.0,1,45.0,1,
1602,-72.0,1,-76.0,2,
1603,-72.0,2,90.0,1,
1604,34.0,1,27.0,1,45.0,1,
1608,0.0,1,-45.0,1,-34.0,1,
1609,0.0,2,
1611,34.0,1,37.0,1,90.0,1,39.0,1,
1612,0.0,1,90.0,1,
1613,90.0,1,
1617,-45.0,2,45.0,1,
1618,0.0,1,
1619,45.0,1,-18.0,1,
1620,0.0,1,-27.0,2,
1622,0.0,1,27.0,2,
1625,27.0,1,45.0,1,
1702,34.0,1,27.0,1,90.0,1,45.0,1,
1703,-76.0,1,
1704,72.0,1,45.0,3,
1705,59.0,1,45.0,1,63.0,1,
1706,90.0,1,45.0,1,
1707,-72.0,2,45.0,1,
1708,45.0,3,
1709,-18.0,1,
1711,0.0,1,90.0,1,
1712,27.0,1,90.0,1,59.0,1,45.0,1,53.0,1,
1713,0.0,1,76.0,1,90.0,1,68.0,1,45.0,1,
1714,90.0,1,
1715,-79.0,1,90.0,1,
1716,-63.0,2,45.0,1,
1717,45.0,2,
1719,-45.0,1,-34.0,2,
1720,-45.0,1,45.0,1,
1722,0.0,3,
1725,0.0,2,
1802,34.0,2,27.0,1,14.0,1,
1803,0.0,1,45.0,1,
1804,0.0,1,
1805,45.0,2,
1806,90.0,2,
1807,-63.0,1,
1808,45.0,1,
1809,0.0,1,-45.0,1,45.0,1,
1810,56.0,1,90.0,1,45.0,1,
1811,0.0,2,
1812,45.0,1,
1813,0.0,1,56.0,1,90.0,1,27.0,1,
1814,90.0,2,
1815,90.0,2,
1816,90.0,1,
1818,90.0,1,45.0,2,
1819,0.0,1,-45.0,1,45.0,2,
1820,45.0,1,
1821,0.0,1,
1822,0.0,3,
1825,0.0,2,
1902,27.0,1,
1903,45.0,2,53.0,1,
1904,72.0,1,90.0,3,
1905,45.0,2,63.0,1,
1906,76.0,1,
1907,-76.0,1,
1908,90.0,2,45.0,1,
1909,-63.0,1,45.0,2,
1910,90.0,2,45.0,2,
1911,0.0,2,59.0,1,45.0,1,53.0,1,
1912,90.0,1,45.0,1,
1913,0.0,2,45.0,1,
1914,76.0,1,45.0,1,
1915,76.0,1,
1916,90.0,1,45.0,1,
1917,-72.0,1,-63.0,1,-76.0,1,
1918,-63.0,1,90.0,1,45.0,2,
1919,45.0,1,
1921,-45.0,1,
1922,-45.0,2,
1925,0.0,2,
2002,0.0,1,90.0,1,45.0,1,
2003,-63.0,1,90.0,1,45.0,1,
2004,72.0,1,90.0,1,45.0,1,63.0,1,
2005,72.0,1,27.0,1,76.0,1,45.0,1,79.0,1,
2006,90.0,3,
2007,-72.0,1,90.0,1,-76.0,1,
2008,-72.0,1,90.0,1,45.0,1,
2009,45.0,1,
2010,0.0,1,-45.0,2,
2011,45.0,3,
2012,72.0,2,90.0,1,
2013,90.0,2,76.0,1,
2014,72.0,1,90.0,1,45.0,2,79.0,1,
2015,-79.0,1,90.0,1,-76.0,1,
2016,90.0,1,-76.0,2,
2017,90.0,1,
2020,45.0,1,
2021,45.0,3,
2022,45.0,2,
2025,0.0,2,
