2,90.0,1,45.0,4,
3,-72.0,1,-63.0,5,
4,-72.0,1,-63.0,2,90.0,2,-76.0,1,
5,-72.0,2,-63.0,1,90.0,2,-76.0,1,
6,-72.0,1,-63.0,1,90.0,3,-76.0,1,
7,-63.0,1,90.0,5,
8,-72.0,1,90.0,4,-76.0,1,
9,90.0,5,76.0,1,
10,90.0,6,
11,90.0,5,76.0,1,
12,72.0,2,90.0,2,76.0,1,63.0,1,
13,72.0,1,90.0,2,63.0,3,
14,56.0,1,90.0,1,63.0,4,
15,56.0,1,72.0,1,90.0,1,63.0,2,
16,56.0,1,45.0,1,63.0,1,
17,90.0,1,63.0,1,
2103,56.0,1,90.0,1,45.0,1,
2104,63.0,3,
2105,90.0,1,76.0,1,63.0,1,
2106,90.0,3,
2107,90.0,1,45.0,1,
2108,90.0,2,
2109,72.0,1,45.0,1,
2110,90.0,1,
2111,90.0,1,
2112,-72.0,1,90.0,1,
2113,90.0,3,
2114,-72.0,1,90.0,2,
2115,-63.0,2,90.0,1,
2116,-63.0,2,90.0,1,
2117,45.0,1,
100,45.0,5,
101,0.0,3,-45.0,1,45.0,2,
102,-56.0,1,-63.0,1,90.0,3,45.0,1,
108,90.0,1,45.0,1,
109,-72.0,1,0.0,1,90.0,2,45.0,2,
110,72.0,1,90.0,4,63.0,1,
111,90.0,4,63.0,1,
112,72.0,1,90.0,2,
113,72.0,1,63.0,1,
114,45.0,2,
115,45.0,1,63.0,1,
116,53.0,1,45.0,1,63.0,2,
117,45.0,5,63.0,1,
118,56.0,1,45.0,1,63.0,1,
119,56.0,1,45.0,1,
120,45.0,1,
2206,45.0,1,
2207,90.0,1,76.0,1,
2208,90.0,2,
2209,90.0,3,
2210,90.0,3,
2211,90.0,3,
2212,90.0,2,
2213,90.0,2,
2214,45.0,1,
200,-45.0,2,-27.0,4,
203,0.0,2,45.0,4,
204,-72.0,2,-63.0,1,90.0,2,-76.0,1,
205,72.0,1,90.0,2,63.0,3,
206,56.0,1,45.0,3,63.0,1,
207,0.0,1,45.0,1,
208,34.0,1,45.0,1,
209,18.0,1,27.0,2,45.0,1,31.0,1,
210,27.0,1,23.0,1,
211,76.0,1,
212,90.0,2,45.0,1,63.0,1,
213,72.0,1,90.0,1,63.0,2,
214,56.0,1,90.0,1,45.0,1,63.0,3,
215,56.0,1,45.0,3,63.0,1,
216,45.0,1,63.0,1,
217,45.0,3,
218,34.0,2,27.0,1,45.0,1,
219,34.0,1,45.0,2,
220,34.0,2,
221,0.0,1,34.0,1,
300,0.0,6,
302,0.0,2,
303,0.0,3,9.0,1,45.0,1,14.0,1,
306,0.0,1,34.0,1,27.0,1,45.0,1,
307,-18.0,2,
309,0.0,3,18.0,1,
310,0.0,2,
314,45.0,1,
315,45.0,4,
316,45.0,3,
317,45.0,3,
318,34.0,1,37.0,1,45.0,1,
319,0.0,1,34.0,1,27.0,1,45.0,1,
320,0.0,1,27.0,1,
321,27.0,1,45.0,1,
322,0.0,1,27.0,1,
400,11.0,1,18.0,1,27.0,2,14.0,1,22.0,1,
401,45.0,1,
402,45.0,1,
403,34.0,2,45.0,3,39.0,1,
404,72.0,1,56.0,1,76.0,1,63.0,3,
405,-72.0,1,90.0,5,
406,-63.0,1,90.0,1,-45.0,3,45.0,1,
407,45.0,1,
409,-14.0,1,-27.0,2,-18.0,1,45.0,2,
410,-45.0,1,-27.0,1,
416,45.0,1,31.0,1,
417,18.0,2,27.0,1,
418,0.0,1,45.0,1,
419,0.0,1,18.0,1,14.0,1,
420,18.0,1,14.0,2,
422,27.0,1,14.0,1,
500,27.0,1,45.0,3,
501,45.0,6,
502,56.0,1,45.0,1,63.0,1,
503,63.0,2,
504,90.0,1,
505,90.0,1,
506,90.0,1,
507,-63.0,1,90.0,2,45.0,2,
508,-56.0,1,-63.0,3,-45.0,1,-39.0,1,
509,45.0,5,
516,0.0,1,
517,0.0,4,
519,0.0,1,-27.0,1,-11.0,1,
520,0.0,3,
522,0.0,2,
601,45.0,1,
602,45.0,1,63.0,3,
603,72.0,1,90.0,2,76.0,1,45.0,1,
604,90.0,4,63.0,1,
605,90.0,5,
606,90.0,4,-76.0,1,
607,-63.0,1,90.0,1,45.0,2,
616,-22.0,1,45.0,2,
617,-63.0,1,-27.0,2,-34.0,1,45.0,2,
618,-45.0,2,
619,-14.0,1,45.0,1,
620,-22.0,1,-18.0,2,
621,0.0,1,
622,0.0,1,-22.0,1,
702,45.0,2,
703,-72.0,1,-63.0,1,90.0,1,
704,-72.0,2,90.0,1,45.0,1,
705,-72.0,2,90.0,3,45.0,1,
706,-63.0,1,90.0,5,
707,90.0,6,
708,90.0,6,
709,72.0,2,90.0,1,45.0,1,63.0,1,
710,90.0,3,45.0,1,
711,72.0,1,90.0,2,
712,90.0,2,63.0,1,
713,-72.0,1,90.0,2,
714,-72.0,1,90.0,3,-76.0,1,45.0,1,
715,-72.0,1,-63.0,2,90.0,3,
716,-72.0,1,90.0,2,45.0,3,
717,90.0,1,45.0,1,
718,45.0,1,
719,-45.0,2,45.0,2,-27.0,1,
720,0.0,2,-45.0,1,45.0,2,
721,0.0,1,-45.0,1,
722,45.0,1,
800,0.0,1,45.0,1,
801,0.0,1,45.0,4,
802,-63.0,4,45.0,2,
803,-72.0,1,90.0,2,45.0,1,
804,-63.0,1,90.0,1,-76.0,1,
805,90.0,2,45.0,1,
806,90.0,2,
807,-72.0,1,90.0,1,
808,72.0,1,90.0,1,
809,90.0,4,
810,90.0,4,76.0,1,
811,90.0,4,45.0,1,
812,90.0,4,
813,90.0,3,-76.0,1,
814,90.0,2,
815,90.0,1,
816,90.0,3,
817,-72.0,2,-63.0,1,90.0,2,
818,-72.0,1,-63.0,2,90.0,1,45.0,2,
819,90.0,1,-45.0,1,45.0,3,
820,90.0,1,
900,0.0,1,-45.0,4,-27.0,1,
901,45.0,4,
903,0.0,2,45.0,1,
904,-56.0,2,90.0,2,45.0,2,
905,-72.0,1,90.0,3,-76.0,1,45.0,1,
906,90.0,4,45.0,1,
907,90.0,4,
908,90.0,2,76.0,1,63.0,1,
909,90.0,4,
910,90.0,3,63.0,1,
911,90.0,5,
912,90.0,5,
913,90.0,5,
914,90.0,5,
915,-63.0,1,90.0,3,-76.0,1,
916,-63.0,2,90.0,2,45.0,1,
917,90.0,1,45.0,2,
1000,0.0,4,-45.0,1,-27.0,1,
1002,45.0,1,
1003,0.0,2,9.0,1,45.0,2,22.0,1,
1004,90.0,1,45.0,2,
1100,0.0,3,18.0,1,27.0,1,34.0,1,
1101,45.0,2,
1102,0.0,2,
1103,0.0,3,37.0,1,45.0,1,
1104,45.0,3,
1105,56.0,1,63.0,1,
1106,72.0,1,90.0,1,
1107,90.0,1,
1108,45.0,1,
1200,27.0,3,45.0,1,
1201,45.0,3,
1202,56.0,1,63.0,1,
1203,90.0,1,45.0,3,63.0,1,
1204,90.0,1,63.0,3,
1205,72.0,1,90.0,2,63.0,1,
1206,72.0,1,45.0,1,
1207,72.0,1,90.0,1,
1208,90.0,3,
1209,90.0,3,
1210,90.0,3,
1211,90.0,3,
1212,90.0,3,
1213,90.0,3,
1214,72.0,1,90.0,2,
1215,72.0,2,90.0,1,
1216,90.0,2,63.0,1,
1217,72.0,1,63.0,1,
1218,72.0,1,63.0,1,
1219,63.0,2,
1300,45.0,1,
1301,34.0,1,45.0,2,
1302,56.0,1,45.0,2,63.0,1,
1303,72.0,1,90.0,1,
1304,72.0,2,90.0,1,
1305,72.0,1,90.0,1,45.0,2,63.0,1,
1306,72.0,1,90.0,3,76.0,1,
1307,72.0,1,90.0,4,
1308,90.0,5,
1309,90.0,4,63.0,1,
1310,90.0,5,
1311,90.0,5,
1312,90.0,5,
1313,90.0,4,76.0,1,
1314,72.0,1,90.0,3,76.0,1,
1315,90.0,3,63.0,2,
1316,90.0,1,45.0,1,63.0,4,
1317,56.0,1,90.0,1,45.0,1,
1318,45.0,1,
1319,45.0,1,
1320,56.0,1,45.0,1,
1321,34.0,1,27.0,1,
1402,45.0,1,63.0,1,
1403,53.0,1,63.0,2,
1404,63.0,3,
1405,90.0,2,76.0,1,63.0,1,
1406,90.0,3,63.0,1,
1407,72.0,1,90.0,1,
1408,90.0,2,
1409,90.0,2,
1410,90.0,2,
1411,90.0,2,
1412,90.0,2,
1413,90.0,2,
1414,72.0,1,
1415,72.0,1,
1416,90.0,3,
1417,56.0,1,53.0,1,90.0,1,45.0,1,63.0,1,
1418,45.0,5,
1419,45.0,3,
1420,0.0,1,
1421,0.0,2,
1422,18.0,1,27.0,1,
1506,90.0,1,
1507,90.0,1,76.0,1,
1508,90.0,2,
1509,90.0,2,
1510,90.0,2,
1511,90.0,2,
1512,90.0,2,
1513,90.0,1,76.0,1,45.0,1,
1514,90.0,1,63.0,2,
1515,53.0,1,63.0,2,
1516,45.0,3,
1517,34.0,1,
1518,27.0,1,
1519,18.0,1,27.0,3,45.0,1,
1520,0.0,1,27.0,1,22.0,1,
1522,0.0,1,27.0,1,
1601,90.0,1,
1602,-63.0,1,90.0,1,
1603,34.0,1,45.0,1,
1604,45.0,1,
1616,34.0,1,45.0,2,
1617,0.0,1,45.0,2,
1618,-45.0,1,
1619,0.0,1,-22.0,1,22.0,1,
1620,0.0,1,27.0,1,45.0,1,
1622,-11.0,1,-18.0,1,
1700,27.0,1,45.0,2,
1701,-56.0,2,45.0,1,
1702,-63.0,1,45.0,1,
1703,31.0,1,
1704,45.0,1,37.0,1,
1705,56.0,1,45.0,1,
1706,63.0,1,
1716,0.0,1,90.0,1,
1717,0.0,3,90.0,1,45.0,1,-34.0,1,
1718,-45.0,1,45.0,1,
1719,0.0,1,
1720,0.0,2,-22.0,1,
1721,0.0,1,-34.0,1,
1722,45.0,1,-34.0,1,
1800,18.0,1,45.0,3,
1801,-56.0,1,90.0,1,27.0,1,45.0,3,
1802,-63.0,1,90.0,1,45.0,3,
1803,34.0,3,45.0,1,
1804,56.0,1,45.0,2,
1805,56.0,1,
1806,72.0,1,90.0,1,
1807,72.0,1,63.0,1,
1808,72.0,1,63.0,1,
1809,72.0,1,90.0,1,
1810,90.0,2,
1811,72.0,1,90.0,1,
1812,-72.0,1,-63.0,1,
1813,90.0,2,
1814,-72.0,1,-63.0,1,45.0,1,
1815,-56.0,1,-63.0,1,90.0,1,
1816,-63.0,1,-45.0,1,45.0,1,-31.0,1,
1817,-45.0,1,45.0,1,
1819,0.0,1,-22.0,1,45.0,2,
1820,0.0,1,-45.0,3,45.0,1,
1821,-45.0,1,
1900,27.0,1,45.0,2,
1901,27.0,2,45.0,2,
1902,45.0,1,
1903,56.0,1,90.0,1,45.0,1,
1904,72.0,1,53.0,1,45.0,2,63.0,1,
1905,72.0,1,63.0,4,
1906,90.0,3,45.0,1,63.0,2,
1907,72.0,1,45.0,1,63.0,1,
1908,72.0,1,90.0,1,
1909,72.0,1,
1910,90.0,1,
1911,90.0,1,
1912,-72.0,1,
1913,-72.0,1,45.0,2,
1914,-63.0,3,90.0,1,45.0,1,
1915,90.0,2,45.0,2,
1916,90.0,2,45.0,2,
1917,-63.0,2,45.0,1,
1918,-56.0,1,-63.0,1,-45.0,1,45.0,2,
1919,-63.0,1,-45.0,2,45.0,1,-27.0,1,
1920,0.0,1,
2001,45.0,3,
2002,45.0,2,63.0,1,
2003,45.0,4,
2004,56.0,1,
2005,72.0,1,
2006,72.0,1,90.0,1,45.0,2,
2007,72.0,1,90.0,2,76.0,1,63.0,1,
2008,72.0,1,76.0,1,63.0,2,
2009,90.0,5,
2010,72.0,1,90.0,4,
2011,90.0,5,
2012,90.0,5,
2013,-72.0,1,90.0,4,45.0,1,
2014,90.0,3,
2015,-72.0,1,90.0,1,
2016,-72.0,1,90.0,1,45.0,1,
2017,-63.0,1,45.0,3,
2018,90.0,1,45.0,2,
2019,0.0,1,
