5,0.0,2,90.0,3,
6,90.0,6,
7,90.0,6,
8,0.0,1,
13,45.0,1,
14,90.0,2,-68.0,1,
15,-72.0,1,-63.0,1,90.0,3,45.0,1,
16,-79.0,1,90.0,4,-76.0,1,
17,72.0,2,90.0,3,68.0,1,
18,72.0,1,90.0,1,63.0,2,76.0,1,79.0,1,
19,72.0,1,68.0,1,63.0,1,
20,90.0,1,45.0,2,
2100,90.0,1,45.0,3,
2101,56.0,2,45.0,1,63.0,1,
2102,68.0,1,45.0,1,
2103,72.0,1,79.0,1,
2104,90.0,2,
2105,90.0,1,-76.0,1,45.0,1,
2106,90.0,1,45.0,3,
2107,-45.0,1,
2110,90.0,1,45.0,2,
2111,72.0,1,63.0,2,
2112,90.0,1,63.0,1,
2113,63.0,1,79.0,1,
2114,72.0,1,79.0,1,
2115,90.0,2,
2116,90.0,2,
2117,90.0,3,
2118,-72.0,1,-79.0,1,90.0,1,-63.0,1,
2119,-72.0,1,45.0,1,
2120,45.0,1,
2121,0.0,1,
2122,45.0,1,
105,0.0,5,
106,0.0,1,
107,0.0,5,
108,0.0,1,
112,45.0,1,
113,-63.0,2,45.0,1,
114,-53.0,1,45.0,4,
115,-63.0,1,
118,45.0,3,
119,45.0,3,
120,53.0,1,45.0,2,
121,45.0,2,
2200,45.0,1,
2201,45.0,2,
2202,72.0,1,56.0,1,63.0,1,
2203,90.0,3,
2204,90.0,3,
2205,-72.0,1,-63.0,1,90.0,1,
2207,45.0,1,
2210,45.0,1,
2211,45.0,1,63.0,1,
2212,72.0,2,90.0,1,
2213,72.0,1,90.0,1,76.0,1,
2214,90.0,3,
2215,90.0,3,
2216,-72.0,1,90.0,2,
2217,-72.0,1,90.0,1,-76.0,1,
2218,-76.0,1,45.0,1,
2220,45.0,1,
2221,90.0,1,
205,0.0,5,
206,0.0,1,
207,0.0,5,
208,0.0,1,
212,45.0,1,-34.0,1,
213,-45.0,3,45.0,1,
214,0.0,1,45.0,3,
215,-79.0,1,
216,45.0,1,79.0,1,
217,90.0,1,
219,37.0,1,45.0,2,
220,0.0,1,45.0,1,
221,34.0,1,27.0,1,37.0,1,
2301,56.0,1,
2302,45.0,1,
2306,90.0,1,
2311,45.0,1,
2312,72.0,1,
2313,45.0,1,
2319,90.0,1,
2320,-63.0,1,
305,0.0,5,
306,0.0,1,
307,0.0,5,
308,0.0,1,
312,0.0,3,
313,0.0,1,-45.0,1,45.0,1,
314,0.0,2,45.0,1,
315,-72.0,1,-63.0,1,45.0,2,
316,-63.0,1,90.0,2,-76.0,1,45.0,1,
317,-72.0,1,56.0,1,90.0,1,45.0,1,63.0,1,
318,72.0,1,59.0,1,53.0,1,
319,45.0,3,
320,0.0,1,45.0,2,
321,34.0,1,18.0,1,
322,27.0,1,
2402,63.0,1,
2403,90.0,1,
2404,90.0,1,
2405,-72.0,1,
2413,90.0,1,
2414,90.0,1,
2415,90.0,1,
2416,90.0,1,
2417,90.0,1,
2418,-72.0,1,
2419,45.0,1,
405,0.0,5,
406,0.0,1,
407,0.0,5,
408,0.0,1,
412,0.0,3,
413,0.0,3,
414,0.0,1,27.0,1,-45.0,1,
415,0.0,2,45.0,1,
416,45.0,1,
417,0.0,1,45.0,1,
418,0.0,1,45.0,2,
419,34.0,1,45.0,2,
420,0.0,1,45.0,2,
421,0.0,2,
422,0.0,2,27.0,1,
505,0.0,5,
506,0.0,1,
507,0.0,5,
508,0.0,1,
512,0.0,1,27.0,1,45.0,1,
513,0.0,1,27.0,2,45.0,1,
514,0.0,1,90.0,1,45.0,2,
515,90.0,1,27.0,1,45.0,4,
516,72.0,1,0.0,1,63.0,1,
517,45.0,1,
518,0.0,3,
519,0.0,1,45.0,1,
520,0.0,4,
522,0.0,3,
605,0.0,5,
606,0.0,1,
607,0.0,5,
608,0.0,1,
612,45.0,1,
613,0.0,1,59.0,1,45.0,3,
614,90.0,1,27.0,1,45.0,2,
615,0.0,1,90.0,2,
616,0.0,2,63.0,1,
617,0.0,1,-34.0,1,
618,0.0,2,
619,0.0,1,-18.0,1,
620,0.0,3,-45.0,1,
621,45.0,1,
622,0.0,3,
705,0.0,5,
706,0.0,1,
707,0.0,5,
708,0.0,1,
713,45.0,2,
714,90.0,2,45.0,1,63.0,3,
715,0.0,2,76.0,1,90.0,1,68.0,1,45.0,1,
716,-56.0,1,0.0,1,45.0,1,
717,0.0,1,45.0,1,
718,0.0,2,45.0,1,
719,-45.0,2,-34.0,1,
720,0.0,1,-45.0,2,
721,0.0,1,-27.0,1,
722,0.0,1,45.0,1,
805,0.0,5,
806,0.0,1,
807,0.0,4,45.0,1,
808,0.0,2,
814,90.0,1,45.0,2,
815,-79.0,1,90.0,2,63.0,1,
816,72.0,1,-63.0,1,90.0,1,
817,0.0,1,45.0,3,
818,90.0,1,45.0,3,
819,-45.0,2,45.0,1,
820,0.0,1,-45.0,1,
821,-45.0,2,
822,0.0,1,
905,0.0,5,
906,0.0,1,
907,0.0,2,45.0,2,
908,0.0,1,27.0,1,14.0,1,
914,0.0,1,
915,90.0,1,45.0,1,
916,-72.0,1,-79.0,1,90.0,2,
917,-72.0,1,-63.0,1,-76.0,1,45.0,2,
918,-72.0,1,90.0,1,45.0,1,
919,-45.0,1,45.0,2,
920,0.0,1,45.0,2,
921,-45.0,1,45.0,2,
922,0.0,1,
1005,0.0,5,
1006,0.0,1,
1007,0.0,1,45.0,1,14.0,1,
1008,0.0,1,18.0,1,14.0,1,
1014,0.0,3,
1015,0.0,1,90.0,3,
1016,90.0,2,45.0,1,
1017,90.0,1,45.0,1,
1018,-63.0,1,53.0,1,45.0,2,
1019,-63.0,1,90.0,1,45.0,2,
1020,-63.0,1,90.0,1,
1021,-45.0,1,
1105,0.0,5,
1106,0.0,1,
1107,0.0,3,
1108,18.0,1,27.0,3,45.0,1,
1114,0.0,2,90.0,1,
1115,0.0,2,68.0,1,
1116,56.0,1,90.0,1,
1117,45.0,1,
1118,-63.0,1,90.0,1,45.0,1,
1119,45.0,1,63.0,2,
1120,56.0,1,-72.0,1,
1121,45.0,1,
1205,0.0,5,
1206,0.0,1,
1207,45.0,1,
1208,0.0,2,34.0,1,27.0,2,18.0,1,
1214,0.0,2,
1215,72.0,1,90.0,2,27.0,1,
1216,0.0,1,76.0,1,45.0,2,79.0,1,
1217,59.0,1,45.0,2,
1218,90.0,1,45.0,2,
1219,0.0,1,34.0,1,45.0,1,63.0,1,
1220,90.0,1,45.0,1,53.0,1,
1221,45.0,1,
1305,0.0,5,
1306,0.0,1,
1308,0.0,2,27.0,2,45.0,1,
1309,0.0,1,27.0,1,45.0,1,
1316,56.0,1,72.0,1,63.0,1,
1317,72.0,1,34.0,1,90.0,2,45.0,1,
1318,45.0,1,63.0,1,
1319,45.0,2,
1320,0.0,1,18.0,1,45.0,2,
1321,90.0,1,27.0,1,34.0,1,
1405,0.0,5,
1406,0.0,1,
1407,56.0,1,
1408,27.0,1,45.0,1,
1409,34.0,1,27.0,1,37.0,2,
1417,90.0,1,45.0,3,
1418,0.0,1,72.0,1,45.0,2,
1419,45.0,2,
1420,0.0,1,27.0,1,45.0,1,
1421,34.0,1,45.0,2,
1505,0.0,5,
1506,0.0,1,
1507,0.0,1,76.0,1,
1508,0.0,1,45.0,1,
1509,27.0,2,45.0,4,
1510,34.0,1,45.0,1,
1517,-45.0,1,
1518,0.0,1,27.0,1,45.0,1,
1519,18.0,1,45.0,2,
1520,0.0,1,45.0,2,
1521,0.0,1,
1522,0.0,2,27.0,1,
1600,45.0,1,
1601,59.0,1,
1602,45.0,1,
1604,45.0,1,
1605,0.0,4,-27.0,1,
1606,0.0,1,
1607,0.0,2,90.0,1,-45.0,1,45.0,1,
1608,37.0,2,45.0,1,
1609,0.0,1,27.0,2,
1610,34.0,1,45.0,3,
1611,45.0,1,63.0,1,
1616,45.0,1,
1617,45.0,1,
1618,0.0,2,
1619,0.0,2,-45.0,1,45.0,1,
1620,0.0,3,45.0,1,
1622,0.0,2,27.0,1,
1700,27.0,1,
1701,90.0,1,
1702,63.0,1,
1703,79.0,1,
1704,-63.0,1,
1705,0.0,3,-45.0,1,
1706,0.0,1,-45.0,1,
1707,0.0,3,90.0,1,45.0,1,
1708,27.0,2,45.0,4,
1709,45.0,2,
1710,27.0,1,45.0,3,
1711,45.0,3,
1712,90.0,1,68.0,1,
1713,79.0,1,
1714,90.0,1,
1715,-79.0,1,
1716,-63.0,1,
1718,0.0,2,
1719,-45.0,2,-27.0,1,
1720,0.0,3,
1721,0.0,1,
1722,0.0,2,45.0,1,
1800,45.0,4,
1801,72.0,2,90.0,2,45.0,1,
1802,59.0,1,
1804,45.0,1,
1805,0.0,3,45.0,2,
1806,0.0,1,-45.0,1,
1807,0.0,2,-27.0,2,
1808,56.0,1,0.0,1,45.0,2,
1809,45.0,3,
1810,59.0,1,45.0,3,
1811,45.0,3,63.0,1,
1812,56.0,1,45.0,1,
1813,68.0,1,
1817,90.0,1,45.0,1,
1818,-63.0,2,45.0,3,
1819,45.0,2,
1820,0.0,1,-45.0,2,
1821,0.0,1,-34.0,1,
1822,0.0,1,45.0,1,
1900,37.0,1,45.0,3,
1901,56.0,1,45.0,3,
1902,56.0,1,68.0,1,53.0,1,63.0,1,
1903,90.0,1,45.0,1,79.0,1,
1904,-79.0,1,90.0,2,-76.0,1,45.0,1,
1905,-72.0,1,45.0,3,
1906,0.0,1,
1907,0.0,2,-45.0,1,-27.0,1,
1908,90.0,1,45.0,2,
1909,34.0,1,45.0,3,
1910,51.0,1,
1911,90.0,1,68.0,1,45.0,1,63.0,1,
1912,72.0,2,68.0,1,45.0,1,63.0,1,
1913,90.0,2,63.0,1,
1914,90.0,2,79.0,1,
1915,-79.0,1,90.0,1,
1916,-79.0,2,90.0,1,45.0,1,
1917,-63.0,1,90.0,2,-68.0,1,45.0,1,
1918,-63.0,1,
1919,45.0,2,
1920,0.0,2,-63.0,1,45.0,1,
1921,0.0,1,-45.0,1,
1922,0.0,1,
2000,34.0,1,45.0,4,
2001,-72.0,1,63.0,1,
2002,45.0,2,
2003,72.0,1,90.0,2,
2004,-63.0,1,90.0,1,45.0,1,
2005,45.0,1,
2006,-45.0,1,45.0,3,
2007,0.0,2,
2008,0.0,1,
2009,45.0,3,
2010,90.0,1,53.0,1,45.0,1,
2011,59.0,1,
2012,45.0,1,63.0,1,
2013,90.0,2,45.0,1,
2014,72.0,1,90.0,2,
2015,90.0,3,
2016,90.0,2,
2019,90.0,1,-68.0,1,45.0,2,
2020,90.0,2,45.0,1,
2021,45.0,1,
2022,-45.0,1,
