516,45.0,3,
517,-45.0,2,45.0,1,-34.0,1,
518,90.0,1,-45.0,2,45.0,2,
7,90.0,1,45.0,2,
8,-56.0,1,-63.0,1,-72.0,1,45.0,2,-59.0,1,
9,-72.0,2,-63.0,2,-76.0,1,-56.0,1,
10,-72.0,1,-76.0,1,90.0,2,-68.0,1,-79.0,1,
11,-72.0,1,-79.0,2,90.0,2,-76.0,1,
12,-72.0,1,90.0,5,
13,90.0,5,-76.0,1,
14,72.0,1,68.0,1,90.0,2,76.0,1,79.0,1,
15,72.0,2,68.0,1,90.0,1,76.0,1,79.0,1,
16,72.0,2,56.0,1,59.0,1,76.0,1,79.0,1,
17,56.0,3,68.0,1,45.0,1,63.0,1,
18,56.0,1,51.0,1,63.0,1,
19,56.0,1,45.0,1,
717,-63.0,1,51.0,1,45.0,1,63.0,1,
1722,0.0,2,-18.0,1,
308,-45.0,1,-27.0,1,-34.0,1,
519,0.0,3,-27.0,2,-34.0,1,
307,0.0,2,-45.0,1,-27.0,2,
605,45.0,1,
520,0.0,1,-45.0,1,-27.0,1,
317,27.0,1,
606,40.0,1,34.0,1,31.0,1,45.0,1,39.0,1,
521,-24.0,1,-18.0,1,-34.0,1,
1121,-45.0,1,45.0,1,-18.0,1,
1119,-11.0,1,-27.0,1,45.0,1,
1110,56.0,1,
522,0.0,1,
2110,79.0,1,68.0,1,45.0,1,63.0,1,
2111,76.0,1,90.0,1,68.0,1,79.0,1,
2112,90.0,3,79.0,1,
2113,90.0,3,45.0,1,
2114,-79.0,1,90.0,2,45.0,1,
2115,-79.0,1,90.0,1,-68.0,1,45.0,1,
2116,-72.0,1,-68.0,1,-76.0,1,
1206,0.0,1,-63.0,1,45.0,1,
1606,90.0,1,
1607,90.0,1,45.0,1,
1608,18.0,1,
1719,0.0,2,-45.0,1,
1100,45.0,1,
1101,-72.0,1,90.0,1,
1102,45.0,1,
1103,45.0,1,
1105,0.0,4,-11.0,1,45.0,1,
1618,27.0,2,45.0,1,22.0,1,
1107,0.0,2,18.0,2,27.0,1,
1620,27.0,1,45.0,1,14.0,1,-11.0,1,
1621,27.0,2,
1622,0.0,2,
1111,45.0,1,
1117,90.0,1,-45.0,1,45.0,1,-27.0,1,
1118,0.0,1,-45.0,2,45.0,1,
607,45.0,4,63.0,1,
1120,-22.0,1,-27.0,1,-11.0,1,
609,56.0,1,59.0,1,45.0,4,
610,68.0,1,72.0,1,45.0,1,56.0,1,59.0,1,63.0,1,
611,72.0,2,90.0,3,68.0,1,
612,72.0,1,90.0,2,79.0,1,
613,72.0,1,90.0,3,45.0,1,
614,-72.0,1,90.0,3,-76.0,1,
615,-72.0,1,-63.0,2,90.0,1,-79.0,1,
616,-72.0,1,-63.0,1,90.0,1,-68.0,1,45.0,2,
617,-56.0,1,-63.0,1,90.0,1,
618,90.0,1,-45.0,1,45.0,3,
619,-45.0,2,45.0,2,-34.0,1,
620,-56.0,1,-45.0,2,
109,-63.0,3,
110,-72.0,3,-63.0,2,-79.0,1,
111,-72.0,2,-79.0,1,90.0,1,-76.0,2,
112,-72.0,2,-79.0,1,90.0,3,
113,72.0,1,-72.0,1,90.0,3,79.0,1,
114,72.0,2,68.0,1,90.0,2,76.0,1,
115,72.0,2,56.0,1,59.0,1,68.0,1,76.0,1,
116,72.0,1,68.0,1,45.0,2,63.0,1,
117,56.0,1,45.0,1,63.0,2,
118,56.0,1,90.0,1,45.0,2,
119,45.0,4,53.0,1,
120,45.0,2,37.0,1,
1812,72.0,1,
2118,-56.0,1,
106,0.0,2,45.0,4,
1813,90.0,1,
107,0.0,3,45.0,3,
1814,90.0,1,
108,90.0,2,45.0,1,
1815,90.0,1,
621,0.0,1,-45.0,1,45.0,1,
1816,90.0,1,45.0,1,
707,51.0,1,45.0,3,63.0,1,
1817,-72.0,1,-63.0,1,-45.0,2,
1220,45.0,3,
721,45.0,1,
1818,-45.0,1,45.0,3,-27.0,1,
1221,-30.0,1,-37.0,1,45.0,1,
1307,-53.0,1,45.0,3,-59.0,1,
2213,90.0,1,
2214,90.0,1,
1905,45.0,1,
509,45.0,2,
1820,-56.0,1,0.0,1,-45.0,2,-27.0,1,
1706,-79.0,1,90.0,4,18.0,1,
1707,90.0,2,27.0,1,-76.0,1,22.0,1,
1708,27.0,1,45.0,1,
1709,45.0,1,
1821,-16.0,1,0.0,1,-45.0,1,
1200,0.0,2,34.0,1,45.0,3,
1201,56.0,2,59.0,1,63.0,1,45.0,1,79.0,1,
1202,68.0,1,72.0,1,45.0,1,51.0,1,56.0,1,63.0,1,
1203,72.0,1,90.0,2,79.0,1,
1204,-56.0,1,-63.0,1,90.0,2,-79.0,1,
1205,0.0,1,-23.0,1,45.0,2,-34.0,1,-27.0,1,
1718,-22.0,1,45.0,2,-27.0,1,
1207,0.0,1,-45.0,1,45.0,2,63.0,1,
1720,0.0,5,-14.0,1,
1209,56.0,3,51.0,1,68.0,1,53.0,1,
1210,72.0,2,68.0,1,45.0,3,
1211,72.0,1,90.0,3,
1212,90.0,3,
1213,72.0,1,90.0,2,
1214,-72.0,1,90.0,2,
1215,-72.0,3,-76.0,1,
1216,-72.0,2,-79.0,1,90.0,1,-63.0,1,
1217,-63.0,1,90.0,1,45.0,4,
1218,90.0,3,45.0,2,
1219,-56.0,1,0.0,1,-37.0,1,-32.0,1,-45.0,1,
708,56.0,2,59.0,1,51.0,1,53.0,1,
709,56.0,2,90.0,1,59.0,1,63.0,2,
710,72.0,2,90.0,2,
711,72.0,1,90.0,3,
712,72.0,1,90.0,1,76.0,1,
713,90.0,4,45.0,1,
714,90.0,4,
715,90.0,1,-76.0,1,
716,72.0,1,
205,0.0,2,-31.0,1,45.0,1,-34.0,2,
206,0.0,1,-31.0,1,45.0,2,-34.0,2,
207,0.0,1,45.0,2,
208,0.0,2,-45.0,2,45.0,2,
209,90.0,1,45.0,4,-51.0,1,
210,45.0,2,
718,56.0,1,18.0,1,27.0,1,45.0,1,63.0,1,
121,34.0,1,
216,90.0,1,51.0,1,45.0,1,
217,56.0,1,37.0,2,45.0,2,
218,45.0,4,
219,27.0,1,45.0,3,31.0,1,
220,27.0,2,45.0,2,
221,27.0,2,45.0,1,
222,27.0,1,
720,56.0,1,45.0,1,
1403,90.0,3,
1006,0.0,1,90.0,1,
1404,90.0,3,
1319,56.0,1,-63.0,2,
1405,-72.0,1,90.0,2,
1406,-63.0,1,
1721,0.0,1,45.0,1,
1408,45.0,1,
1409,59.0,1,53.0,1,
2007,90.0,1,45.0,2,39.0,1,
1805,0.0,3,18.0,1,14.0,1,
1806,16.0,1,0.0,2,27.0,1,
1807,0.0,1,27.0,1,45.0,2,37.0,1,
1808,45.0,2,18.0,1,37.0,1,29.0,1,
1809,90.0,1,
1810,56.0,1,
1811,72.0,1,
1300,39.0,1,45.0,3,63.0,1,
1301,56.0,2,59.0,2,45.0,1,
1302,72.0,2,76.0,1,45.0,2,63.0,1,
1303,90.0,4,76.0,1,
1304,90.0,3,-76.0,1,45.0,1,
1305,-72.0,1,-63.0,1,90.0,3,45.0,1,
1306,-63.0,2,-45.0,1,45.0,2,
1819,0.0,2,-30.0,1,-45.0,1,-27.0,1,
1308,56.0,2,63.0,1,45.0,1,53.0,1,
1309,56.0,2,59.0,1,
1310,72.0,2,76.0,1,45.0,1,63.0,1,
1311,72.0,1,90.0,2,76.0,1,79.0,1,
1312,72.0,1,90.0,1,76.0,1,79.0,1,
1313,90.0,4,
1314,-79.0,1,90.0,3,
1315,-79.0,1,90.0,1,-76.0,1,45.0,1,
1316,72.0,1,-76.0,1,45.0,3,
1317,-72.0,2,-59.0,1,45.0,1,63.0,1,
1318,-63.0,1,45.0,4,
817,90.0,1,51.0,1,45.0,2,
1320,-45.0,1,45.0,2,
809,72.0,1,90.0,1,
810,79.0,1,76.0,1,45.0,1,63.0,1,
811,90.0,3,79.0,2,
812,90.0,4,79.0,1,
813,-79.0,1,90.0,4,
814,-79.0,1,90.0,2,68.0,1,45.0,1,
815,56.0,1,72.0,1,90.0,1,59.0,1,79.0,1,
816,59.0,1,45.0,3,63.0,1,
305,0.0,3,-27.0,2,-18.0,1,
818,45.0,3,
819,56.0,1,37.0,1,34.0,1,45.0,2,31.0,1,
719,56.0,1,90.0,1,23.0,1,
2014,-79.0,2,90.0,3,
822,27.0,1,
1417,59.0,1,45.0,3,63.0,1,
820,40.0,1,39.0,1,
406,45.0,1,
1418,56.0,1,59.0,1,45.0,3,53.0,1,
318,0.0,1,18.0,1,27.0,1,
821,0.0,1,34.0,1,
320,11.0,1,27.0,1,45.0,1,14.0,1,
1402,76.0,1,45.0,1,63.0,1,
322,0.0,2,45.0,1,
1419,51.0,1,45.0,3,14.0,1,
908,0.0,1,
2108,45.0,2,
1401,63.0,1,
1017,18.0,1,
608,45.0,3,
506,18.0,1,27.0,1,45.0,2,
421,0.0,1,
2109,68.0,1,63.0,1,
319,17.0,1,45.0,1,23.0,1,
1906,34.0,1,27.0,1,45.0,1,31.0,2,
1907,45.0,2,37.0,1,
1908,90.0,1,34.0,1,45.0,2,
1909,56.0,1,59.0,1,51.0,1,45.0,3,
1910,56.0,1,72.0,2,59.0,1,
1911,72.0,2,90.0,1,76.0,1,
1912,90.0,3,
1913,90.0,2,
1914,90.0,2,
1915,-72.0,1,90.0,2,45.0,1,
1916,-56.0,1,90.0,2,-53.0,1,-76.0,1,
1917,-63.0,1,90.0,1,-45.0,1,45.0,2,
1918,-63.0,1,45.0,5,
1919,90.0,1,-45.0,2,45.0,1,-34.0,1,
1920,-37.0,1,
1921,-27.0,1,-34.0,1,
1410,90.0,1,79.0,1,68.0,1,63.0,1,
1411,72.0,1,76.0,1,90.0,2,68.0,1,
1412,90.0,3,76.0,1,79.0,1,
1413,90.0,5,
1414,72.0,2,-79.0,1,90.0,1,68.0,1,
1415,56.0,2,76.0,1,68.0,1,63.0,1,
1416,56.0,1,59.0,1,45.0,2,63.0,1,
905,0.0,1,90.0,3,
906,90.0,5,
907,90.0,5,
1420,45.0,1,
1421,31.0,1,
1422,0.0,1,
1005,0.0,5,
408,0.0,1,18.0,1,
916,45.0,1,
405,0.0,6,
918,40.0,1,0.0,1,27.0,1,39.0,1,
407,0.0,2,9.0,1,14.0,1,7.0,1,
920,0.0,2,18.0,2,
921,24.0,1,27.0,1,
922,18.0,1,
1007,0.0,4,90.0,1,
2117,-72.0,1,-68.0,1,
1008,16.0,1,
418,0.0,1,-11.0,2,
419,-8.0,1,-13.0,1,-45.0,1,
420,0.0,1,-7.0,1,-11.0,2,
1122,0.0,2,-45.0,1,
422,0.0,2,-14.0,1,
2119,90.0,1,
321,45.0,2,
1208,37.0,1,51.0,1,45.0,3,63.0,1,
1822,0.0,1,
1106,0.0,1,
417,0.0,1,
1019,0.0,1,27.0,1,14.0,1,
919,27.0,2,45.0,2,
2006,45.0,2,
505,24.0,1,18.0,1,27.0,1,22.0,2,
2008,56.0,2,51.0,1,45.0,1,63.0,1,
2009,56.0,1,72.0,1,59.0,1,
2010,72.0,1,90.0,1,79.0,1,63.0,1,
2011,72.0,1,76.0,1,45.0,1,79.0,1,
2012,90.0,3,79.0,1,
2013,90.0,4,79.0,1,
917,37.0,1,45.0,2,63.0,1,
2015,-79.0,1,90.0,4,-63.0,1,
2016,-72.0,1,-63.0,1,-76.0,1,45.0,1,
2017,-63.0,3,90.0,1,
2018,-63.0,1,90.0,1,45.0,1,
2019,-63.0,1,45.0,1,
2020,-45.0,1,45.0,1,
1617,37.0,1,
508,0.0,1,34.0,1,27.0,2,37.0,1,45.0,1,
1515,63.0,1,
1516,56.0,1,51.0,1,45.0,1,
1517,27.0,1,45.0,2,53.0,2,
1518,27.0,1,45.0,4,
1519,90.0,1,45.0,4,31.0,1,
1520,27.0,2,45.0,1,22.0,1,39.0,1,
1521,0.0,1,31.0,1,
1522,27.0,1,
1619,27.0,2,37.0,1,
510,63.0,1,
1705,0.0,1,90.0,3,45.0,1,
1108,0.0,2,27.0,1,45.0,2,
1018,0.0,3,
507,0.0,1,45.0,2,31.0,1,
1020,0.0,2,18.0,1,-27.0,1,
1021,0.0,2,
1022,0.0,2,-9.0,1,
1109,56.0,1,
